P_SyscoID	P_Sys_Opco	P_SyscoProdID0	P_SyscoProdID1	P_SyscoProdID2	P_SyscoProdID3	P_SyscoProdID4	P_SyscoProdID5	P_SyscoProdID6	P_SyscoProdID7	P_SyscoProdID8	P_SyscoProdID9	P_SyscoProdID10	P_SyscoProdID11	P_SyscoProdID12	P_SyscoProdID13	P_SyscoProdID14	P_SyscoProdID15	P_SyscoProdID16	P_SyscoProdID17	P_SyscoProdID18	P_SyscoProdID19	P_SyscoProdID20	P_SyscoProdID21	P_SyscoProdID22	P_SyscoProdID23	P_SyscoProdID24	P_SyscoProdID25	P_SyscoProdID26	P_SyscoProdID27	P_SyscoProdID28	P_SyscoProdID29
268482	067	6311534	6311542	6311559	6311799	6318281	6318737	6319248	6319388	6319875	6320683	6320774	6321681	6322192	6322226	6323018	6323745	6326631	6326656	6329031	6329643	6329676	6330195	6330427	6332373	6332464	6332472	6332811	6332845	6332902	6333074
268516	067	6333306	6333504	6333587	6333777	6334403	6334643	6334718	6334940	6337521	6338032	6338149	6338453	6338578	6338628	6339949	6340269	6340582	6341093	6342646	6343610	6346027	6348015	6348114	6348155	6348171	6348494	6349609	6349658	6349666	6349682
268557	067	6349708	6349732	6349872	6350615	6350748	6351548	6356364	6357552	6357966	6357974	6359350	6359483	6359566	6361422	6364764	6366348	6368484	6369060	6370886	6370944	6371793	6371835	6372320	6372650	6373021	6373575	6375943	6376065	6376297	6376586
268656	067	6383194	6383343	6383376	6383491	6383533	6383939	6384580	6384598	6384978	6385496	6386718	6387104	6388441	6389019	6389050	6389456	6389571	6389662	6389860	6392062	6392138	6392237	6392302	6392336	6392393	6392492	6392609	6392666	6392732	6395628
268664	067	6396634	6396675	6396881	6396931	6396949	6396964	6397137	6397228	6397236	6399612	6400089	6400097	6400121	6403208	6404610	6404743	6404990	6405286	6405864	6406839	6409577	6409627	6409759	6409940	6410054	6410104	6410716	6410898	6416218	6416358
268961	067	6417349	6417679	6420475	6420608	6421531	6422075	6422869	6423776	6424626	6424766	6424972	6425342	6426092	6426217	6427249	6427272	6427298	6429450	6429575	6429583	6431365	6432587	6432611	6432819	6432959	6433171	6433510	6433783	6434815	6435010
269258	067	6435291	6435424	6435457	6435523	6435671	6436281	6437271	6438147	6438253	6438295	6438428	6438741	6439053	6439343	6439822	6439855	6440184	6440382	6440523	6440648	6441075	6442115	6442198	6442271	6445944	6446934	6450472	6453252	6455844	6458376
269324	067	6458616	6458913	6458947	6459077	6459085	6459416	6460430	6460711	6460745	6461552	6462352	6463525	6463707	6464051	6464283	6464358	6464408	6465009	6465181	6465918	6466619	6467054	6467781	6468136	6468144	6468219	6468284	6468466	6469100	6469514
269407	067	6470611	6470843	6471783	6475230	6475321	6475719	6476535	6476832	6477749	6477897	6478549	6479257	6479471	6480743	6481790	6483275	6483358	6483721	6483853	6483986	6484307	6484976	6485080	6485098	6485866	6485940	6487763	6487961	6488134	6488563
269431	067	6488589	6488613	6490296	6491682	6491823	6491872	6491914	6493357	6493977	6496046	6496962	6496996	6497150	6498125	6498133	6499172	6499842	6501183	6501191	6501787	6502264	6503155	6503171	6503247	6503304	6503379	6503551	6503668	6503759	6503809
269506	067	6503841	6503874	6504492	6506356	6506521	6507446	6508402	6508410	6508436	6510374	6510846	6510887	6511570	6512172	6513899	6514913	6516686	6516702	6516710	6517171	6517403	6517890	6519052	6519490	6519557	6519706	6520191	6520308	6520530	6521553
269621	067	6522288	6523880	6524409	6524623	6524896	6524987	6525026	6526396	6527089	6528160	6530232	6531057	6531271	6537187	6539035	6539084	6543581	6544027	6544159	6545172	6545412	6548697	6548812	6548994	6552004	6552681	6552756	6554000	6554364	6561096
269662	067	6561369	6562367	6566616	6568091	6569214	6570212	6571129	6571897	6573083	6574677	6575039	6575161	6575575	6577357	6578603	6578645	6578934	6579130	6579460	6579478	6580187	6580641	6582084	6582589	6582845	6583504	6585491	6586242	6586721	6587646
269969	067	6588933	6589287	6590681	6591200	6591655	6592448	6592471	6592513	6592562	6592596	6592687	6592703	6592737	6592745	6593693	6594469	6595367	6596787	6598403	6598502	6599674	6600258	6600779	6602171	6602312	6603450	6603567	6605257	6605265	6605273
270017	067	6606073	6606321	6606412	6606453	6606826	6606842	6607774	6608525	6608582	6608624	6609309	6610000	6610422	6610570	6610760	6610885	6612030	6615553	6615694	6617666	6618953	6619316	6619670	6620348	6620843	6621007	6621072	6622237	6622948	6623839
270033	067	6624985	6624993	6625925	6628465	6628739	6628770	6628804	6629463	6629778	6629992	6630545	6631469	6631477	6631485	6631584	6632939	6632962	6632970	6634455	6636138	6636286	6636401	6638738	6638878	6639165	6639256	6639553	6639827	6640494	6640569
270132	067	6641278	6643258	6645113	6645360	6645394	6645410	6645436	6646673	6648000	6648901	6649511	6650287	6650436	6651756	6651780	6652283	6654297	6654982	6655617	6655674	6657563	6657936	6658090	6658314	6658389	6658405	6658421	6661557	6662415	6662688
270157	067	6662712	6662720	6662779	6662787	6662878	6662910	6665194	6666085	6670095	6672182	6672430	6672984	6673610	6674782	6675136	6675524	6675607	6675698	6675706	6678577	6683296	6685515	6686505	6686828	6687552	6689277	6690499	6693642	6696918	6697114
270199	067	6697791	6697890	6698195	6698419	6698682	6699714	6703797	6704233	6705222	6705628	6707012	6707202	6707269	6709737	6709851	6710594	6713218	6713754	6714281	6715643	6715668	6715726	6715742	6715957	6716575	6717011	6718340	6719504	6720643	6720684
270256	067	6720726	6720742	6720833	6721294	6721609	6722888	6723803	6724231	6724249	6725980	6726228	6726772	6729420	6729693	6733075	6733950	6734495	6735104	6735245	6736151	6736391	6737035	6737191	6737209	6737803	6738173	6738256	6738397	6740237	6742183
270389	067	6742233	6743058	6743728	6746580	6747448	6747968	6748727	6748966	6749584	6751838	6753743	6754022	6754204	6755755	6755789	6755961	6756019	6756050	6756902	6757637	6758072	6758148	6758569	6759922	6759989	6760623	6761738	6763163	6763320	6763981
270421	067	6765416	6767586	6770051	6770440	6770804	6770887	6771000	6773287	6773311	6775555	6775589	6776942	6778013	6778724	6782577	6783047	6783674	6785885	6789838	6791990	6792071	6792154	6794507	6796379	6796395	6799134	6800312	6800361	6800494	6800635
270934	067	6800858	6800874	6800999	6803423	6803720	6804348	6811137	6814594	6815575	6817464	6817837	6818579	6819155	6819163	6820740	6821094	6822241	6822522	6825814	6826499	6827646	6828016	6828719	6829972	6830699	6832059	6832414	6832927	6833016	6833545
271288	067	6833966	6836571	6836605	6837082	6837124	6837280	6837579	6837728	6837777	6842959	6846828	6847016	6848303	6848626	6850788	6850796	6851075	6855787	6856546	6856926	6856983	6859599	6863633	6863708	6863765	6865133	6870513	6871081	6874614	6874960
271361	067	6876262	6876783	6876791	6877286	6878094	6878508	6879332	6879829	6880363	6880884	6882153	6882203	6882658	6884217	6884464	6884845	6887111	6889125	6891618	6892202	6892749	6893176	6893788	6894125	6894208	6894257	6895049	6895312	6895817	6895999
271627	067	6896120	6896765	6897979	6898910	6899660	6901581	6902266	6902357	6903918	6906622	6907018	6907992	6908024	6908156	6913172	6913438	6914352	6914451	6918858	6918866	6918882	6919708	6919955	6920219	6920326	6921712	6922611	6922801	6923874	6924690
272336	067	6924708	6924716	6925457	6926182	6929608	6931406	6931414	6931463	6931554	6931588	6932586	6932610	6934483	6934590	6934640	6935464	6935993	6936769	6936785	6937445	6939516	6939722	6940423	6941140	6942353	6944334	6944656	6944672	6944730	6944805
272559	067	6944847	6944904	6945018	6945505	6945521	6945612	6945646	6946255	6947543	6948426	6949036	6949051	6949473	6949747	6950281	6950299	6950323	6950364	6952436	6952741	6952808	6953392	6954218	6954499	6954945	6955488	6958250	6958458	6958946	6959373
273334	067	6959571	6959811	6960744	6960801	6961890	6963789	6964043	6964233	6964555	6965248	6965255	6965297	6965537	6965545	6965800	6965875	6965941	6966022	6966360	6967962	6968580	6969422	6969604	6970818	6970990	6971303	6971535	6974869	6976047	6977953
273722	067	6978738	6979744	6980403	6980577	6981278	6981336	6982037	6982094	6984124	6984330	6985642	6985683	6985865	6986178	6986210	6986590	6986616	6986764	6986848	6986939	6987747	6987796	6988083	6988158	6988166	6988315	6988588	6989305	6989347	6989388
273755	067	6989784	6989818	6989842	6989859	6989867	6989883	6993885	6994594	6995716	7005721	7006182	7006604	7011265	7011984	7012040	7012198	7012347	7013162	7013170	7014483	7014939	7015159	7016744	7016942	7017890	7017924	7018187	7018849	7019508	7019763
273797	067	7020134	7020266	7021678	7023997	7027204	7027840	7027881	7029580	7029762	7029796	7031107	7031271	7031354	7031651	7032964	7033517	7034119	7034325	7035983	7036197	7036437	7039001	7039100	7039365	7040934	7041908	7041916	7041957	7043730	7044621
273854	067	7044837	7049729	7050032	7050222	7050230	7050255	7050263	7051436	7051444	7051923	7051980	7052160	7052509	7052608	7052699	7052905	7053283	7053598	7053606	7053655	7054059	7054729	7054786	7055536	7056625	7056641	7056872	7057235	7059504	7061880
273912	067	7061898	7061955	7061989	7062615	7062771	7063456	7063860	7063951	7064132	7064207	7064587	7064728	7064736	7064777	7064801	7065584	7065675	7065758	7065766	7065857	7065915	7066004	7066038	7066236	7066327	7066350	7066384	7066467	7066921	7068034
274225	067	7068083	7068091	7068158	7068331	7070477	7070626	7071384	7074560	7075088	7075708	7075823	7078371	7078843	7079833	7081797	7082167	7082225	7082308	7082332	7082340	7082365	7082381	7082407	7082449	7083835	7083884	7084437	7084494	7084528	7084841
274670	067	7084916	7085228	7085236	7085558	7086689	7086747	7086770	7086861	7087901	7087919	7087935	7087943	7087950	7087976	7087992	7088008	7088040	7088230	7089212	7089667	7092125	7092281	7092711	7093404	7093495	7093644	7093701	7093776	7093818	7093826
275115	067	7093909	7093933	7096704	7096951	7097017	7097041	7097140	7097470	7097637	7097702	7098023	7098080	7098189	7098858	7099021	7099237	7100456	7100688	7103054	7104102	7107196	7107238	7107303	7107782	7108590	7109259	7109812	7110349	7110752	7110869
275156	067	7111248	7112527	7112964	7115207	7115280	7115660	7115678	7116270	7116718	7117096	7117179	7117591	7117807	7117872	7118003	7118235	7118250	7118748	7119399	7120777	7121403	7121585	7122229	7122435	7122526	7122625	7122658	7122740	7123037	7123045
275198	067	7123326	7124258	7124274	7126212	7126246	7126287	7126386	7126402	7127061	7127434	7127749	7128762	7130511	7131634	7131709	7131782	7133374	7133473	7133689	7134067	7134240	7134661	7135759	7136971	7137995	7138035	7138126	7138316	7138761	7140858
275362	067	7141617	7141898	7142102	7142284	7142334	7142474	7142482	7142557	7142607	7143381	7144397	7144470	7144561	7144645	7145089	7145337	7145394	7145493	7145832	7146210	7146319	7146657	7146723	7146962	7148877	7149065	7150907	7151186	7152184	7152564
275578	067	7153125	7154370	7154578	7154677	7154750	7155112	7155690	7155765	7157738	7158637	7158801	7158918	7158983	7159486	7160161	7162191	7162241	7162290	7162316	7162498	7162647	7163132	7163223	7163371	7163397	7163611	7163660	7163686	7163694	7163868
275610	067	7163926	7163942	7164171	7164189	7164528	7164577	7164627	7164692	7164700	7165590	7167448	7168537	7171978	7175003	7175706	7179591	7179690	7179740	7179989	7180102	7180144	7181175	7181217	7187537	7187578	7187818	7189681	7191349	7191364	7192628
275743	067	7194046	7196173	7196553	7198104	7198120	7198633	7199706	7203474	7204761	7207145	7210719	7211279	7213697	7215718	7216070	7216088	7216161	7218597	7219504	7219520	7219579	7222185	7223233	7223936	7225667	7226020	7226400	7227358	7227663	7227820
275792	067	7227846	7228141	7228190	7228331	7228349	7228356	7228364	7228406	7228539	7228752	7228943	7229164	7229636	7231236	7231731	7232101	7232812	7234099	7238637	7239130	7239296	7239585	7240062	7240138	7241524	7242308	7243652	7246333	7248545	7249261
275834	067	7249832	7249865	7250806	7251101	7251200	7251655	7251846	7252323	7252919	7253362	7254683	7255177	7255185	7256175	7256837	7256852	7257611	7257629	7258155	7259070	7259781	7260268	7262710	7265465	7266745	7268279	7269343	7269350	7269871	7270101
276329	067	7270242	7271083	7274277	7274459	7274509	7274533	7276983	7278401	7278468	7279342	7279383	7279391	7279409	7280043	7280969	7282742	7283617	7284292	7284664	7285067	7285109	7285257	7285265	7285570	7287758	7288087	7288483	7288632	7288640	7291404
276345	067	7294200	7294283	7294895	7295256	7295272	7295280	7295314	7295504	7295918	7297435	7298649	7300148	7301054	7301138	7302243	7302607	7304413	7305261	7305634	7309917	7310022	7310048	7311939	7314438	7314834	7314917	7315245	7315336	7315385	7315617
276642	067	7315625	7315666	7315674	7315823	7315906	7316227	7316359	7316367	7316409	7316656	7316953	7317779	7318207	7319213	7319262	7320203	7321524	7325467	7325574	7326598	7326937	7333495	7333503	7335136	7335987	7336555	7339567	7339666	7339914	7339930
277079	067	7344237	7347230	7347289	7347297	7347446	7347453	7347461	7348253	7348295	7350788	7352388	7354806	7356603	7359060	7360530	7360688	7360704	7363393	7364730	7365984	7366040	7366230	7366529	7366537	7366545	7366560	7366875	7367055	7367147	7370059
277152	067	7371172	7371883	7371933	7372204	7372915	7373186	7376049	7376288	7376296	7376304	7376320	7377930	7378763	7378854	7379126	7379407	7379472	7379548	7379555	7379597	7380207	7382856	7385420	7386543	7389141	7389406	7389604	7390362	7390396	7390412
277202	067	7392533	7392624	7393960	7394075	7394083	7395056	7395106	7395148	7395155	7395387	7395395	7395460	7395973	7396104	7396518	7396823	7398019	7398480	7398555	7398639	7398688	7398696	7399959	7399991	7400823	7404619	7407125	7408487	7409311	7409345
277889	067	7409451	7409550	7409592	7409659	7409733	7409808	7410467	7410566	7410640	7410665	7413461	7413917	7416407	7418973	7420060	7421274	7422801	7423155	7425796	7425903	7426471	7428766	7429111	7430820	7432065	7432172	7432180	7432214	7432222	7432255
277939	067	7432289	7432347	7432354	7432420	7432610	7432768	7432834	7433204	7433279	7433907	7435191	7435266	7435282	7435290	7435332	7439631	7440407	7440837	7441306	7442858	7445539	7445810	7445976	7446289	7447162	7447253	7447840	7448988	7449051	7449234
278051	067	7451305	7452543	7454028	7454101	7455447	7455462	7455496	7458110	7459068	7459506	7459969	7461973	7462237	7465206	7468507	7468515	7468531	7468549	7468556	7470057	7472723	7473820	7474893	7475395	7476641	7477086	7477185	7477409	7478662	7479728
278275	067	7481591	7481724	7483142	7483654	7484272	7484397	7484454	7484975	7485998	7487374	7488190	7488638	7491319	7491459	7491467	7491715	7492226	7492358	7492853	7493265	7493349	7493935	7494636	7496235	7496284	7496326	7497134	7497464	7498173	7498637
278697	067	7498645	7498660	7498694	7499569	7499585	7500127	7501141	7501430	7501521	7501869	7505647	7506447	7508484	7510175	7513641	7514425	7515521	7517238	7517246	7517469	7518467	7518590	7518723	7518848	7518962	7519093	7519168	7519440	7521883	7524051
278705	067	7524424	7531940	7534266	7535321	7539018	7539034	7539042	7539141	7544877	7545908	7545973	7550387	7551831	7552052	7552631	7553498	7555196	7556889	7556962	7557176	7557804	7557945	7557986	7558299	7559313	7560766	7563133	7564032	7564461	7568587
278713	067	7573025	7573280	7573777	7574452	7574676	7574924	7576051	7576093	7577711	7580780	7581648	7581929	7590227	7591886	7592041	7592116	7592231	7592330	7592405	7593353	7593510	7593544	7593833	7596257	7596828	7598105	7599889	7602733	7604093	7608557
278895	067	7608565	7608847	7609803	7611254	7611619	7611718	7611734	7611742	7611759	7613219	7614209	7614233	7614258	7618283	7621477	7623978	7624299	7625668	7625734	7625957	7626013	7626518	7628787	7632946	7633373	7634538	7634835	7635576	7636665	7640089
278911	067	7640766	7641491	7642572	7642713	7642770	7644495	7644909	7648173	7652761	7652787	7656648	7657505	7657596	7657612	7657638	7657646	7658479	7660830	7660939	7661077	7662240	7662265	7662927	7663073	7663354	7663362	7663404	7664774	7667363	7667371
279109	067	7669831	7672306	7673833	7677263	7680341	7680440	7680580	7681182	7682032	7682875	7685118	7688500	7689300	7689334	7690258	7690266	7690274	7690290	7690761	7691264	7692015	7692098	7692460	7694102	7694276	7694474	7694680	7694763	7697089	7697196
279265	067	7699739	7700222	7700347	7700396	7700404	7701261	7701766	7702160	7702624	7702863	7704026	7704133	7704893	7705346	7705957	7705999	7706260	7706401	7706419	7706674	7706716	7706724	7706781	7707193	7708795	7710965	7711492	7711559	7711633	7713274
279273	067	7713381	7715436	7715477	7715550	7715568	7715584	7715600	7715634	7716160	7716178	7716186	7716202	7719115	7719529	7719552	7719578	7723547	7724867	7726441	7729288	7729304	7732167	7732183	7732639	7732936	7733900	7734064	7734452	7737638	7738776
279703	067	7740095	7741291	7741549	7746183	7746852	7750300	7750318	7750326	7750623	7751373	7751571	7756604	7757628	7757636	7758865	7758873	7758881	7762099	7762685	7764335	7764541	7764707	7765696	7766306	7767486	7768567	7770779	7771215	7775273	7776123
279745	067	7777972	7781479	7781693	7784127	7787559	7787666	7787674	7789076	7794415	7794837	7799059	7800311	7801178	7802291	7804701	7806326	7806862	7808157	7808710	7809403	7809429	7810930	7811094	7811292	7811615	7812183	7815517	7817661	7817729	7817885
279794	067	7818545	7818735	7819220	7819311	7819477	7819527	7819543	7820046	7821747	7823537	7823552	7823958	7824154	7825904	7830409	7830532	7830557	7830565	7831068	7832660	7832785	7834088	7834401	7836422	7837784	7840044	7842370	7842826	7844590	7845910
279901	067	7846439	7848740	7849060	7849714	7849912	7850308	7850498	7850639	7852734	7853013	7855141	7855612	7856214	7859861	7860232	7862600	7865256	7865975	7868326	7870249	7871908	7871924	7871981	7875909	7878002	7883903	7884695	7886054	7887268	7888209
279976	067	7889876	7899453	7900947	7901069	7902851	7903347	7905607	7905870	7907587	7908486	7908510	7908775	7908783	7908791	7910102	7910128	7910318	7911092	7911274	7911522	7911795	7912553	7912561	7914930	7914989	7915606	7919335	7919673	7919699	7919707
280313	067	7919822	7920275	7921018	7922669	7922958	7923006	7923097	7923501	7933534	7933971	7934128	7938939	7938988	7940927	7943152	7943533	7944630	7945157	7946882	7951643	7954621	7954639	7955784	7959141	7959265	7959745	7961113	7962301	7962368	7962483
280545	067	7962574	7962608	7962640	7962863	7962889	7963150	7963390	7963499	7963523	7963812	7965031	7966286	7966302	7966310	7966708	7966740	7966997	7967169	7968217	7969322	7970049	7971039	7971336	7971419	7971864	7972466	7977150	7977861	7978356	7982630
280685	067	7988900	7989494	7990229	7990237	7990278	7990401	7991904	7994064	7997208	7997695	7999337	7999816	8000341	8001216	8001349	8008021	8009169	8009342	8009375	8010589	8011223	8011488	8014128	8014730	8014953	8015018	8015331	8020208	8020265	8020588
280719	067	8020901	8024622	8024838	8025850	8025884	8026122	8032039	8032989	8033813	8040586	8041162	8041196	8043440	8044869	8044950	8045007	8046583	8047755	8049215	8049579	8049603	8049702	8051997	8055089	8056970	8061012	8062184	8062192	8062697	8064008
280735	067	8064156	8064354	8065765	8066425	8066458	8066862	8067191	8067480	8068918	8069866	8072654	8072787	8072803	8073363	8075590	8076754	8076762	8078180	8082588	8082810	8083040	8083164	8083552	8088346	8089054	8093205	8094500	8095879	8097008	8099921
281170	067	8103848	8104101	8104127	8104234	8104291	8104317	8104689	8104697	8104721	8104796	8109985	8112120	8112492	8112831	8113987	8114621	8116055	8116311	8117210	8117749	8118226	8120370	8122103	8122137	8128027	8131138	8136723	8138786	8140006	8140618
281188	067	8141988	8142002	8142051	8142101	8142176	8142283	8142309	8142317	8142366	8143174	8147746	8148017	8149007	8151573	8151698	8151904	8152597	8156077	8156945	8156986	8158560	8158974	8160004	8160103	8160830	8162448	8170664	8176091	8176521	8187510
281626	067	8187536	8187551	8188591	8188674	8189706	8189938	8190068	8190159	8190779	8195794	8196636	8209538	8209553	8209579	8209629	8209678	8212334	8213373	8214306	8214363	8216012	8217572	8221640	8221657	8222853	8223356	8223703	8224149	8229874	8231847
281659	067	8234551	8235780	8237414	8237919	8240970	8245474	8248098	8249062	8251670	8252645	8254047	8256323	8256919	8256935	8262958	8264426	8264442	8265043	8268302	8268732	8268757	8268955	8269755	8269862	8272916	8276685	8276990	8277592	8278871	8279549
281741	067	8281982	8282832	8285959	8286411	8286429	8286437	8286445	8286809	8291700	8294175	8294381	8294506	8294605	8294860	8296907	8299125	8305369	8306391	8309445	8310641	8310807	8313744	8313751	8314817	8314841	8318701	8320624	8320665	8320707	8321135
281840	067	8321259	8321655	8322000	8322117	8322224	8322703	8324378	8325599	8328668	8335705	8336158	8336547	8336554	8337503	8337842	8339087	8339145	8341513	8352023	8354664	8355604	8359929	8359952	8365496	8370231	8370744	8377103	8377194	8377913	8377988
281923	067	8380107	8380727	8381857	8382129	8384752	8384760	8384943	8384950	8384984	8385031	8386021	8386765	8386815	8386971	8386997	8387839	8388902	8389140	8389355	8389553	8389819	8389835	8390270	8390734	8390783	8395675	8395741	8396939	8397044	8397689
281972	067	8399529	8399560	8399750	8399768	8399784	8401002	8402315	8403164	8403321	8403339	8405474	8405581	8406936	8407678	8409633	8410425	8410953	8411399	8412009	8414815	8415242	8417354	8422057	8423345	8426611	8429763	8432890	8432908	8432916	8434193
281980	067	8435620	8436743	8441826	8447542	8448797	8449886	8453409	8453631	8461303	8461790	8462038	8464083	8468969	8469165	8469611	8469967	8470098	8474017	8474538	8477671	8477960	8478430	8478661	8480972	8481020	8481178	8482416	8482465	8482473	8482499
282012	067	8483463	8483489	8483562	8483737	8484438	8485013	8486557	8492423	8492514	8493322	8494031	8494205	8494312	8494718	8496820	8497018	8499733	8505257	8508368	8509796	8513038	8513889	8524837	8525644	8527459	8529836	8530396	8531584	8531691	8531808
282046	067	8531824	8532004	8538969	8544074	8545022	8546004	8546020	8549776	8555468	8555500	8555831	8555914	8556250	8557548	8559130	8562373	8562621	8562639	8562654	8562662	8562688	8563157	8563165	8563181	8563280	8569824	8574733	8574766	8575474	8575813
282285	067	8576381	8576886	8584351	8588881	8588899	8589426	8595522	8599706	8599938	8602732	8602856	8606212	8606295	8608358	8609497	8615593	8616385	8618316	8622789	8625063	8626962	8630683	8631954	8632499	8644817	8645657	8645699	8646333	8646382	8646481
282293	067	8646986	8649527	8650731	8653198	8666463	8666828	8668246	8668550	8668972	8669061	8669095	8669111	8669236	8673006	8674699	8676611	8677858	8677908	8683005	8685364	8688012	8689044	8693012	8696643	8701294	8703241	8714933	8716664	8718645	8720096
282301	067	8723033	8724163	8724684	8724700	8724718	8726416	8730129	8730285	8730855	8731721	8731770	8732091	8738650	8738809	8741142	8741183	8742751	8742827	8743601	8743619	8743635	8743650	8743833	8747297	8749806	8750390	8750440	8751034	8758526	8759904
282376	067	8760860	8767733	8782377	8785172	8785594	8785743	8790917	8797771	8798829	8805806	8808057	8808206	8809501	8819492	8822769	8830135	8837239	8837296	8838922	8838963	8839326	8839458	8840050	8841991	8843567	8845729	8851735	8854408	8856122	8857047
282434	067	8857229	8858490	8859100	8859571	8875460	8875585	8875973	8876286	8878514	8878563	8885360	8885451	8888364	8890956	8896805	8896870	8897001	8897266	8897795	8898058	8899163	8901449	8903874	8905762	8918377	8919060	8919086	8920118	8920209	8920241
282509	067	8920431	8920464	8920472	8927634	8928053	8928061	8930760	8932147	8932394	8932402	8932519	8932550	8932600	8932717	8932824	8933426	8933459	8933533	8934077	8934101	8934176	8934283	8941965	8945255	8945370	8945438	8946196	8946212	8950719	8953028
282681	067	8956666	8956864	8957060	8957649	8959694	8964850	8965881	8968695	8969842	8969917	8970428	8972739	8974461	8974750	8983157	8984148	8987968	8988263	8991994	8992026	8992224	8993578	8993743	8994105	9000738	9000803	9000985	9002908	9003039	9003047
282921	067	9003286	9003815	9004524	9005281	9005315	9005554	9009531	9010208	9010646	9010711	9011610	9011883	9012725	9012899	9015876	9018458	9018490	9018573	9018581	9024472	9024480	9024712	9027137	9028002	9028036	9028044	9028184	9030339	9030644	9031402
282988	067	9032582	9032947	9033580	9034489	9035155	9035866	9035908	9037169	9039595	9040767	9040932	9041484	9041559	9041831	9048943	9049891	9049909	9053232	9054099	9058470	9063454	9064189	9067083	9068438	9071325	9071333	9071390	9071416	9072539	9072828
283002	067	9073826	9073875	9074386	9074840	9076233	9077074	9077454	9081910	9083304	9083312	9083437	9086786	9087305	9087412	9088089	9088949	9089186	9089301	9089475	9090226	9090374	9090739	9091067	9094301	9094848	9094970	9095035	9098674	9098856	9098864
283028	067	9099698	9102534	9112129	9112160	9112475	9112491	9112509	9112533	9112541	9112566	9112608	9112616	9112673	9112699	9112723	9112764	9112772	9112947	9114182	9114208	9114257	9114372	9114513	9114521	9114570	9114604	9114646	9118233	9118464	9118613
283069	067	9119207	9119355	9122128	9123803	9125931	9127358	9127515	9128422	9149394	9149766	9150434	9150673	9153982	9156746	9157116	9158197	9165655	9166745	9166919	9167099	9167107	9174145	9175241	9175563	9176975	9178005	9178195	9180605	9181991	9183039
283200	067	9184698	9185679	9186982	9187048	9187063	9187071	9187220	9187790	9189309	9189911	9190075	9190430	9190554	9190620	9190646	9190653	9190729	9190737	9190760	9190786	9190802	9191412	9194333	9196569	9197146	9197179	9197401	9197450	9197492	9198508
283218	067	9198565	9198573	9199159	9199688	9199795	9201518	9201815	9201831	9206467	9208984	9215013	9215575	9218314	9219510	9219833	9220013	9221052	9221151	9221185	9223033	9223066	9224379	9224932	9225285	9225913	9227141	9227232	9227414	9227729	9228180
283556	067	9228610	9229899	9231325	9232265	9233107	9234246	9236563	9236738	9236936	9238189	9238395	9238791	9239708	9240193	9240219	9240730	9240995	9241282	9241316	9241332	9241522	9241647	9241704	9242082	9242538	9242694	9245077	9245440	9248303	9248337
283655	067	9248352	9248410	9249889	9250903	9254434	9254830	9255340	9257361	9261504	9263195	9263211	9263229	9263252	9265737	9265844	9265851	9265869	9265877	9266230	9266248	9267642	9267816	9268079	9268558	9269267	9269861	9270125	9270174	9270299	9272246
283853	067	9272725	9272972	9277021	9278136	9281908	9281999	9283219	9286956	9287681	9290099	9295114	9303371	9305038	9307786	9309675	9309766	9309824	9309915	9309998	9310004	9310566	9312596	9312729	9312927	9314915	9318007	9320904	9323155	9323189	9325945
283911	067	9325994	9326166	9326174	9326182	9326190	9326240	9326299	9326315	9330432	9333329	9333444	9333493	9333519	9333535	9336959	9338427	9343625	9344425	9347881	9353152	9355819	9356320	9356452	9357971	9359928	9360272	9360280	9360363	9360371	9360389
283960	067	9360454	9360579	9360595	9360744	9360785	9360793	9361635	9364449	9366311	9367657	9367665	9371386	9373127	9377060	9377078	9377102	9377144	9377169	9377946	9379710	9380361	9380940	9386418	9386632	9388117	9392820	9393851	9394420	9397266	9398868
284331	067	9400466	9400524	9400557	9401977	9402082	9402116	9402280	9403130	9403874	9407057	9407263	9407792	9412990	9415688	9415779	9415985	9417239	9417817	9417858	9420530	9423245	9426602	9428103	9429093	9430570	9430588	9431297	9431743	9431750	9434796
284448	067	9435033	9438581	9440330	9440348	9442005	9443748	9443961	9444001	9444159	9445941	9446212	9446378	9446493	9447285	9447491	9448143	9449000	9450891	9455999	9459926	9460304	9461013	9461393	9462060	9465808	9466327	9467028	9467101	9467572	9470873
284596	067	9471186	9475591	9476318	9476334	9478199	9484445	9484452	9484460	9484544	9485004	9485046	9485087	9485103	9485137	9485194	9485590	9485608	9485616	9485764	9486309	9486325	9486408	9486655	9486788	9486820	9486937	9486986	9487026	9487083	9487109
284679	067	9487117	9487133	9487141	9487174	9487232	9487240	9487299	9487877	9488958	9489014	9491010	9492935	9493222	9493537	9498221	9500075	9500083	9500281	9500356	9500729	9500752	9502006	9507336	9507815	9510280	9514092	9514209	9515107	9515974	9516014
284745	067	9516907	9516923	9517350	9517707	9517715	9517723	9517921	9522319	9522335	9522384	9522814	9522822	9522830	9522855	9523879	9523952	9523986	9524240	9525049	9525064	9527037	9532862	9532979	9534736	9534819	9535014	9539081	9541772	9543513	9544818
284760	067	9545047	9546771	9546797	9546888	9547217	9547316	9547894	9547928	9547985	9548009	9548025	9548033	9548082	9548116	9548140	9548165	9548934	9548942	9549379	9550666	9550674	9551912	9552878	9555418	9556002	9557141	9560343	9561945	9562844	9562877
284802	067	9562885	9565375	9565383	9565391	9569120	9569310	9569369	9573429	9577214	9577461	9577628	9579368	9581976	9582917	9583717	9583725	9584707	9584855	9586686	9586835	9588823	9591389	9592114	9592288	9594185	9594193	9595711	9595919	9596180	9596321
285098	067	9596370	9596503	9597212	9597238	9599028	9600602	9602269	9602277	9610585	9610767	9611088	9611195	9611674	9611716	9611740	9613316	9613506	9614769	9614850	9614868	9617218	9620634	9624305	9624933	9624958	9625989	9627688	9627738	9627761	9632183
285833	067	9634122	9637851	9638735	9638891	9638909	9638925	9647223	9648429	9648502	9648619	9649443	9651027	9651050	9651282	9656117	9659251	9665894	9666942	9669060	9669136	9669300	9671058	9673351	9673922	9674177	9674235	9675125	9676222	9676701	9677089
286088	067	9682667	9683509	9684523	9685124	9685413	9685421	9685439	9687070	9687112	9687278	9687864	9688177	9689258	9689449	9689688	9691197	9692591	9692633	9692914	9692989	9694969	9695560	9696949	9698689	9698697	9700824	9701939	9701988	9704917	9704974
286146	067	9705401	9705997	9708496	9708660	9708751	9710740	9711722	9713116	9713611	9714213	9714478	9715327	9717349	9717562	9719105	9719451	9719485	9725698	9727801	9727835	9728577	9728585	9728791	9729377	9729831	9729856	9729864	9731597	9733973	9736083
286161	067	9736257	9737826	9737982	9738568	9739319	9740978	9748781	9750829	9750993	9751231	9751272	9751827	9752577	9752684	9756594	9756834	9758442	9758954	9760778	9761685	9762089	9762097	9765561	9765611	9768524	9769407	9771627	9771635	9771668	9771775
286294	067	9772831	9772849	9773045	9773052	9773060	9778614	9781717	9781725	9782913	9786286	9786328	9786377	9786484	9786542	9786641	9787284	9788373	9793043	9794108	9794116	9794124	9795576	9795600	9796871	9799040	9799107	9800103	9800988	9801002	9801077
286526	067	9801432	9801887	9803602	9804477	9804576	9806415	9806423	9806449	9806456	9806472	9806480	9806498	9808262	9810102	9813106	9813726	9813742	9813932	9814013	9814021	9814583	9815101	9815580	9818709	9819996	9821620	9822198	9822750	9822859	9822867
286708	067	9823006	9823022	9823030	9823048	9823055	9823063	9823071	9823089	9823220	9823436	9823444	9823451	9823469	9823477	9823485	9823501	9825621	9825712	9826470	9828989	9828997	9829003	9829011	9829029	9829037	9829052	9829284	9829409	9829557	9829565
286740	067	9829573	9829581	9829599	9829607	9829615	9829748	9830613	9830621	9830688	9830696	9830704	9830712	9830795	9830803	9830811	9830829	9830837	9830902	9830910	9832288	9838897	9838962	9840125	9843012	9844366	9844408	9844416	9846122	9846585	9854852
287086	067	9855180	9867326	9869108	9869256	9869330	9869355	9879982	9880022	9880063	9880162	9880170	9883323	9888025	9888066	9888389	9888397	9889494	9889890	9889908	9894825	9896101	9896648	9896663	9896671	9898040	9902925	9903063	9903360	9903568	9903576
287300	067	9903600	9903618	9903709	9904053	9904061	9904079	9904103	9904111	9904129	9904137	9904202	9904285	9904301	9904319	9904327	9904442	9904459	9904467	9905605	9907999	9908005	9909086	9909854	9910266	9910282	9910381	9910712	9910720	9911132	9912114
287540	067	9913765	9915299	9916388	9917873	9917907	9918608	9918848	9919440	9919457	9919531	9919663	9920075	9920117	9920133	9922485	9922535	9922550	9922568	9922576	9922592	9922618	9923202	9924416	9924432	9924440	9924515	9924523	9924549	9924556	9924572
287706	067	9924580	9926163	9926205	9926411	9927898	9928052	9929506	9931510	9933037	9933052	9933581	9933987	9934068	9936014	9936139	9936170	9936451	9936717	9937822	9937830	9938010	9938259	9939893	9940685	9940693	9942673	9943580	9943945	9949397	9951195
287854	067	9956285	9956319	9956822	9956830	9956855	9957143	9958943	9959354	9960329	9961012	9961244	9961251	9961574	9961590	9961897	9962291	9962788	9962796	9963133	9963166	9964859	9964891	9964909	9964917	9964925	9965096	9965104	9965211	9965344	9965518
288357	067	9966136	9966474	9966649	9966664	9966672	9966763	9966771	9966813	9966888	9967159	9967423	9967449	9968751	9968868	9969015	9969361	9969650	9969965	9970104	9970302	9970328	9970344	9970435	9970542	9970559	9970575	9970609	9970625	9970864	9970880
288738	067	9971565	9971755	9971789	9971797	9971805	9971821	9971839	9971847	9971854	9971862	9971870	9971904	9971920	9971938	9971946	9971995	9972001	9972068	9972183	9972746	9974171	9974593	9974635	9974643	9974668	9974676	9974932	9974940	9975137	9975145
288936	067	0012195	0017277	0026666	0027714	0029033	0029231	0030627	0031062	0031070	0031542	0038521	0042051	0045997	0046730	0050005	0050351	0051466	0052357	0056416	0056556	0058149	0058172	0058255	0058354	0058404	0058511	0059089	0059204	0059238	0059246
289371	067	0059345	0059428	0059451	0059493	0059519	0062869	0063180	0063214	0066803	0066993	0067124	0068882	0068924	0068932	0068940	0070268	0072116	0072157	0072744	0072777	0072785	0072819	0072827	0072918	0073056	0073064	0073080	0073106	0073155	0073387
289413	067	0075317	0076448	0076620	0077925	0077966	0078030	0078071	0078113	0078923	0079095	0081349	0082628	0082644	0084616	0086652	0087320	0088153	0088294	0088450	0088484	0092429	0099804	0099895	0100370	0100412	0100560	0100586	0100628	0100669	0100677
289520	067	0100743	0100750	0100768	0101501	0101543	0101592	0101626	0101642	0101667	0101675	0101709	0101717	0101725	0102004	0102020	0102194	0102756	0103366	0104059	0104497	0104505	0104521	0105510	0106369	0108688	0109843	0109876	0109884	0109975	0110759
289850	067	0110783	0111344	0111633	0111666	0113704	0114025	0114421	0115428	0118018	0119578	0123034	0124529	0124636	0124677	0128280	0132639	0133421	0134122	0134304	0138818	0138834	0146993	0152199	0152710	0153585	0154054	0154138	0154146	0155531	0156828
290023	067	0160689	0161422	0167767	0173153	0180281	0205419	0206235	0211888	0220079	0227819	0229112	0230995	0231316	0231472	0231548	0231613	0231654	0233197	0233585	0237552	0245167	0255901	0257857	0258863	0265983	0267153	0267666	0269704	0271791	0271809
290106	067	0276055	0283309	0293076	0293092	0293142	0293183	0294579	0295659	0295691	0295899	0308833	0310474	0313205	0316836	0319756	0325530	0328393	0331843	0333039	0333054	0333138	0333450	0336362	0340661	0345942	0347112	0347955	0350322	0350330	0352310
290239	067	0353086	0353342	0364869	0364927	0367409	0368332	0374173	0374736	0375394	0375915	0376749	0377242	0377424	0377911	0378588	0378877	0381996	0382820	0386078	0387548	0387639	0402107	0405969	0410639	0415240	0419259	0420778	0424457	0424564	0424606
290379	067	0424648	0424887	0425025	0425389	0425751	0426866	0426874	0427757	0427765	0429555	0432666	0441279	0444497	0452805	0453431	0453746	0454033	0461756	0469544	0470575	0473660	0474692	0477448	0477513	0477604	0480574	0486357	0488171	0491258	0491365
290957	067	0491613	0491878	0491902	0491951	0496794	0515494	0522862	0523449	0524017	0524843	0524850	0528729	0550541	0551994	0552331	0571505	0582551	0583377	0583385	0585091	0585224	0587576	0587840	0589820	0599803	0600668	0601724	0608067	0613810	0617183
291518	067	0618579	0633735	0633990	0638973	0639880	0644799	0644948	0645150	0652297	0652305	0654459	0655902	0655936	0655944	0656025	0656082	0656140	0656181	0656199	0659185	0661587	0661751	0666529	0666842	0668715	0669457	0670018	0676627	0679142	0679282
291906	067	0679290	0682591	0684936	0689539	0694125	0694547	0694638	0694661	0694679	0694778	0695734	0695767	0698159	0698191	0698639	0700898	0700922	0704742	0712125	0713305	0713461	0713578	0716191	0716589	0718361	0720763	0721613	0723056	0723338	0724856
291914	067	0725481	0725648	0728295	0729079	0745554	0745620	0745646	0746123	0747717	0749788	0749853	0751180	0753665	0753707	0754218	0755199	0755488	0755785	0757575	0758615	0761940	0763482	0766691	0767830	0768390	0768705	0768853	0774992	0775973	0776310
293191	067	0778209	0778217	0778886	0779330	0779694	0779991	0780130	0780411	0781179	0781609	0783225	0784140	0794818	0796052	0798314	0803064	0804385	0804906	0806661	0807958	0808063	0808121	0809939	0816215	0817833	0817858	0818013	0820142	0823252	0823260
293266	067	0823500	0823575	0823716	0823765	0825034	0826917	0827691	0830018	0830745	0832972	0833012	0833475	0833509	0833640	0833871	0833889	0833897	0834697	0835504	0836213	0836494	0838805	0838896	0842625	0845388	0846022	0846402	0846469	0847756	0847962
293357	067	0848234	0848259	0849737	0850206	0850487	0851147	0855296	0855700	0855734	0860080	0863431	0864363	0865949	0867325	0867895	0867960	0868141	0868430	0868620	0868638	0871475	0871715	0871764	0871848	0871962	0872036	0872044	0872127	0875567	0893719
293407	067	0896654	0898163	0898171	0898189	0899831	0906818	0907519	0915132	0915157	0916072	0916395	0916429	0916437	0916890	0917039	0917070	0917237	0917989	0920397	0924761	0926071	0927582	0927616	0927632	0927681	0927723	0927749	0927772	0927806	0927814
293449	067	0927905	0927913	0927921	0927939	0928077	0928127	0928143	0929901	0930412	0930628	0930636	0930669	0930727	0931691	0933218	0933267	0933382	0934679	0935072	0937391	0939793	0940288	0940403	0944918	0945253	0947267	0950857	0951178	0954131	0954149
293670	067	0954156	0955054	0962803	0963793	0966317	0966424	0966432	0966440	0966457	0966754	0970293	0971309	0973693	0974261	0982504	0982561	0982801	0983387	0983742	0984047	0984401	0990614	0993444	0993501	0997288	0999318	0999391	1000256	1000280	1000306
293878	067	1000314	1000371	1000454	1000694	1002310	1002328	1002351	1002377	1002724	1002864	1002997	1003656	1003664	1003797	1004233	1004449	1004639	1005172	1005826	1005867	1005875	1005883	1005909	1005933	1006410	1006691	1006725	1006733	1006824	1007251
293928	067	1007285	1007293	1007335	1007343	1007350	1007368	1007384	1007483	1007491	1007509	1007517	1007566	1007574	1007848	1007871	1007897	1007921	1007954	1007970	1008010	1008036	1008051	1008119	1008135	1008168	1008200	1008283	1008374	1008416	1008432
294199	067	1008465	1008473	1008481	1008499	1008507	1008515	1008580	1008598	1008630	1008648	1008655	1008663	1008697	1008739	1008770	1008846	1008861	1008978	1008986	1008994	1009018	1009141	1009588	1009703	1009711	1009729	1009943	1009968	1009984	1010024
294280	067	1010206	1010313	1010370	1010412	1010420	1010438	1010693	1011485	1011576	1011600	1011659	1011667	1011683	1011790	1011865	1012236	1012285	1012327	1012335	1012350	1012491	1012509	1012608	1012699	1012749	1012806	1013242	1013267	1013556	1013689
294801	067	1013820	1013978	1013986	1014430	1014521	1014547	1014620	1014653	1014711	1014778	1014786	1014794	1014844	1014877	1014885	1015569	1015593	1015916	1016542	1016633	1016849	1016864	1017086	1017094	1017102	1017144	1017219	1017250	1017342	1017391
294983	067	1017508	1017532	1017649	1017730	1017748	1017987	1018001	1018712	1019165	1019850	1019876	1019918	1020304	1020320	1020346	1020361	1020544	1020577	1020585	1020718	1020734	1020783	1020825	1020841	1020874	1020965	1020981	1021013	1021088	1021518
295105	067	1021815	1021831	1021856	1021872	1021989	1022128	1024009	1024017	1024025	1024173	1024231	1024306	1024348	1024355	1024363	1024454	1024827	1025139	1025162	1025196	1025295	1025311	1025337	1025352	1025873	1025881	1025923	1026483	1026731	1026756
295436	067	1026772	1026996	1027218	1027267	1027614	1027622	1027630	1027648	1027671	1027689	1027721	1027739	1027762	1027820	1028091	1028109	1028299	1028315	1028323	1028349	1028521	1028901	1028919	1028927	1029719	1029735	1030006	1030188	1031251	1031269
295659	067	1031293	1031327	1031749	1031913	1031970	1032143	1032820	1033224	1033976	1034222	1034578	1034594	1034842	1035690	1035716	1037175	1037290	1037316	1037498	1037514	1038421	1038660	1038678	1039296	1039411	1039494	1039601	1039619	1041045	1041086
295824	067	1041680	1041698	1041813	1041847	1042225	1042936	1042985	1043108	1043165	1043256	1043793	1043801	1044049	1044106	1044213	1044502	1044775	1045061	1045228	1045541	1046218	1046457	1046465	1046515	1046770	1046820	1048115	1048172	1048313	1048461
296012	067	1048909	1048925	1049014	1049774	1049865	1050053	1050194	1050772	1051366	1051374	1051390	1051408	1051697	1052059	1052984	1053248	1053735	1053826	1054105	1054618	1054907	1055045	1055417	1055508	1055854	1056373	1056878	1057017	1057983	1058528
296186	067	1058692	1058742	1058759	1059013	1059310	1060433	1060953	1061191	1061415	1061423	1061530	1061555	1061670	1061704	1061803	1062256	1064922	1066174	1067412	1068337	1069459	1069731	1069913	1070218	1070499	1070754	1071463	1072065	1072156	1072230
296368	067	1072909	1073014	1073048	1073360	1073485	1073584	1073592	1073832	1074384	1074509	1074707	1074723	1074905	1076322	1076421	1077197	1078583	1078856	1078864	1079326	1079334	1079383	1080217	1080399	1080886	1081363	1081959	1082072	1082940	1083245
296467	067	1083294	1083302	1083310	1083492	1084896	1085000	1085612	1085885	1086313	1086370	1086461	1086503	1086529	1086917	1087162	1087311	1088848	1089093	1089176	1089226	1089333	1089606	1092204	1092683	1093426	1093699	1093822	1094655	1094663	1094697
296616	067	1094721	1094747	1095785	1096130	1097815	1098516	1098706	1099704	1099779	1100965	1101062	1101112	1101120	1101146	1101377	1101492	1101583	1101732	1102995	1103845	1104041	1104843	1105386	1106020	1106038	1106129	1106442	1106756	1106764	1107150
296871	067	1107465	1108422	1110840	1110873	1111913	1112549	1112606	1112952	1113729	1114016	1114719	1114818	1114990	1115062	1116672	1116797	1116995	1117050	1118348	1121169	1123371	1125012	1126655	1129394	1129535	1129568	1131234	1131648	1131861	1131903
296913	067	1131960	1131986	1131994	1132018	1133073	1133636	1135391	1135771	1137371	1137389	1137702	1137728	1137736	1141084	1141159	1141183	1141282	1141332	1142082	1142678	1142694	1142967	1143098	1143106	1145036	1145101	1147958	1148337	1148881	1149178
296921	067	1149186	1149541	1149616	1149624	1151422	1151448	1151570	1151588	1151612	1151679	1151844	1152008	1152123	1152263	1152297	1154616	1154731	1154921	1155324	1155332	1155415	1155662	1158542	1158815	1159383	1159508	1159946	1160621	1160704	1160720
296939	067	1160779	1161157	1163963	1164060	1164185	1164789	1164797	1165018	1167261	1167279	1167295	1167501	1167527	1167535	1167568	1167709	1167907	1168723	1169119	1169176	1169960	1170596	1171396	1171453	1172386	1173020	1173228	1173574	1173673	1175397
296947	067	1177559	1178094	1178326	1178516	1179076	1180355	1181536	1181577	1182120	1182195	1182203	1182211	1182229	1182237	1182336	1184084	1184134	1184860	1184886	1184910	1184951	1185024	1186253	1186618	1188804	1190198	1190669	1190677	1190727	1190735
296954	067	1191444	1191451	1191667	1191683	1191741	1191790	1191840	1193077	1193697	1193705	1195262	1196898	1200021	1203876	1204908	1205202	1205210	1205673	1205889	1206747	1207232	1207539	1209899	1210020	1210053	1210293	1210996	1211465	1211762	1212422
296962	067	1212638	1213040	1214519	1215847	1216159	1219369	1220193	1220367	1220581	1220599	1220995	1221118	1221654	1221720	1222884	1226083	1226745	1227008	1229657	1230101	1231018	1231323	1231760	1231943	1232222	1232396	1232875	1234731	1235464	1235498
296970	067	1236215	1237437	1237486	1237585	1238245	1238724	1238963	1239037	1239045	1239144	1239482	1239508	1239722	1239755	1239896	1239979	1240522	1240704	1240753	1240795	1240951	1240977	1241017	1241025	1241116	1241199	1241280	1241736	1242361	1242395
296988	067	1242460	1242700	1243310	1243724	1246479	1248020	1248947	1251610	1251628	1253715	1254192	1257161	1258417	1258425	1258441	1258961	1259530	1263508	1263615	1263623	1264282	1265156	1265537	1267715	1267749	1267756	1268366	1268887	1269497	1269554
296996	067	1270479	1271667	1275106	1276476	1276534	1276658	1277292	1278126	1280239	1281005	1281013	1281377	1282011	1282060	1282169	1282243	1282615	1282623	1283159	1283811	1284116	1284397	1284595	1284819	1284843	1284892	1285113	1286772	1286798	1287325
297002	067	1287341	1288265	1288315	1288638	1290550	1292275	1294784	1298223	1298264	1298330	1299882	1300219	1300391	1301571	1301662	1302603	1303643	1304716	1305259	1306877	1307248	1307511	1307933	1308113	1308121	1308139	1308154	1308162	1308568	1308659
297010	067	1312172	1312255	1316512	1317866	1319896	1320746	1321967	1322338	1322726	1323260	1323336	1324391	1324516	1324680	1324763	1324938	1325075	1325349	1326248	1327477	1330778	1332576	1332592	1332618	1332642	1333194	1333202	1333442	1333582	1333749
297028	067	1335389	1335710	1336122	1336411	1336957	1338128	1338144	1338482	1338748	1339282	1339944	1340892	1340926	1340942	1340959	1340967	1340991	1341023	1341080	1342690	1343144	1343227	1345206	1345644	1345651	1345669	1346279	1346501	1346691	1346881
297036	067	1347871	1348234	1348887	1348937	1348978	1349042	1349646	1349901	1350271	1350438	1350511	1350917	1351410	1352319	1352327	1353275	1355528	1356476	1357383	1357581	1357672	1357805	1357854	1358027	1358209	1358373	1358399	1358431	1358464	1358514
297044	067	1358522	1358555	1358639	1358753	1358787	1358860	1359363	1359371	1359405	1359413	1359454	1359496	1359553	1359892	1360254	1360437	1360759	1361179	1361708	1363407	1363985	1366509	1367663	1371772	1371954	1372549	1373414	1376805	1376862	1379494
297051	067	1381821	1382050	1382225	1384395	1385590	1386143	1386275	1388628	1390129	1390376	1390905	1391663	1391671	1392232	1394139	1394345	1394618	1395128	1395755	1398130	1398510	1399286	1399781	1400258	1400266	1403575	1403880	1403898	1405232	1405828
297077	067	1406891	1409036	1409929	1410075	1411552	1412360	1412667	1412808	1414598	1414697	1415355	1415637	1415710	1415793	1417179	1418193	1420835	1422435	1423607	1423797	1424738	1425982	1426733	1426790	1427665	1428994	1430214	1430834	1431717	1434026
297101	067	1434307	1434414	1434943	1435197	1435221	1435940	1437565	1437722	1438365	1440270	1441716	1441724	1442458	1442466	1442540	1442599	1443977	1444298	1444371	1444728	1444959	1446053	1446210	1448463	1448471	1448489	1448513	1448950	1449032	1449131
297499	067	1449537	1450204	1451038	1451111	1451368	1451467	1452291	1453190	1453653	1453661	1456771	1457027	1457100	1457134	1457829	1458595	1458710	1458967	1459189	1459544	1459908	1459973	1460013	1461003	1464098	1465301	1465574	1466333	1467281	1467968
298703	067	1468024	1468032	1468495	1469394	1469915	1469964	1469998	1470210	1470350	1471051	1471473	1471481	1471499	1471507	1473560	1473727	1474055	1474345	1474964	1474998	1475003	1475011	1475201	1475219	1475359	1476324	1476936	1478353	1478429	1478437
298968	067	1480037	1480474	1481332	1482579	1483635	1483718	1486463	1486562	1487628	1487677	1487917	1488022	1488436	1488469	1489236	1489624	1489632	1489640	1489657	1489665	1489673	1489749	1490945	1491000	1492529	1492628	1493667	1493675	1494558	1495266
299149	067	1496124	1496223	1497098	1501188	1502525	1502699	1502806	1503143	1503226	1503531	1503564	1504653	1504802	1505205	1505312	1506294	1506302	1507599	1507862	1508951	1509371	1511336	1511484	1512912	1513167	1513183	1513191	1513209	1513225	1513258
299156	067	1513274	1513878	1513886	1513969	1514595	1514603	1514611	1514645	1516178	1516335	1520329	1521285	1522044	1523570	1523976	1524099	1525062	1527183	1527662	1527670	1527761	1527779	1527985	1528850	1529023	1529155	1533793	1534023	1534593	1534692
299206	067	1535046	1535368	1535418	1535509	1535921	1535939	1535970	1537182	1537711	1538701	1539048	1539121	1539378	1539626	1540020	1540129	1540202	1540400	1540822	1540905	1541119	1541598	1542208	1542265	1543164	1543867	1543875	1543883	1544113	1547355
299214	067	1547603	1552082	1552272	1552629	1552694	1552751	1552769	1552777	1552793	1552991	1553007	1554484	1556505	1557214	1557537	1558998	1559392	1559897	1560200	1561364	1561489	1562719	1562750	1563469	1564459	1564855	1565829	1566710	1566736	1567148
299412	067	1568195	1568203	1568260	1568286	1568369	1568732	1569243	1569268	1569409	1570761	1570936	1571173	1572296	1572460	1572551	1573211	1573807	1575026	1575182	1575190	1576842	1578145	1578285	1578293	1578301	1578343	1578376	1579457	1581412	1581420
299503	067	1581438	1581446	1581461	1581487	1581495	1581503	1581529	1582097	1582352	1583970	1584077	1584184	1584283	1585959	1586445	1588375	1588441	1589050	1589449	1590827	1591395	1591437	1592336	1594050	1594548	1595602	1599406	1599455	1600295	1600592
299594	067	1600956	1603323	1604321	1604453	1605120	1605617	1605641	1605658	1606490	1606508	1606540	1606672	1608199	1608777	1609064	1609288	1609296	1609510	1609759	1610062	1611383	1613348	1613413	1613504	1614114	1614353	1614486	1615004	1615236	1616887
299602	067	1616895	1616929	1616937	1616945	1616960	1616978	1617000	1617596	1617927	1619006	1619469	1622331	1623339	1625607	1626605	1626647	1627371	1627520	1628551	1628593	1628684	1629559	1630649	1631647	1633312	1634575	1634815	1634831	1636406	1636786
299651	067	1637669	1637826	1637883	1639434	1640127	1640689	1643212	1645779	1646819	1646827	1646991	1647148	1647171	1647189	1647205	1647213	1647551	1648138	1648146	1648153	1648161	1648369	1648955	1649433	1649524	1651280	1651694	1651868	1652536	1653112
299677	067	1653559	1653864	1655406	1655497	1655745	1655752	1655760	1656040	1656115	1656230	1658228	1658277	1659788	1659812	1659820	1661024	1661339	1661362	1662436	1662873	1663749	1663848	1664069	1664986	1664994	1665579	1665603	1665611	1666031	1667757
299834	067	1670454	1671403	1671502	1672989	1672997	1674530	1674563	1675750	1675776	1675859	1675891	1675909	1675925	1675941	1676667	1676675	1676683	1676949	1677186	1677442	1678051	1678481	1679802	1679919	1679927	1679968	1679984	1679992	1680008	1680032
300053	067	1680040	1682095	1683747	1684117	1684182	1685510	1685528	1685627	1686542	1687250	1689751	1689769	1689934	1690643	1692359	1692854	1696251	1696608	1697168	1700731	1701408	1704410	1704915	1705458	1705573	1705714	1705821	1705888	1705920	1705938
300061	067	1706142	1706449	1708759	1711159	1711480	1711613	1712017	1712520	1712538	1717081	1717255	1717644	1717792	1717834	1717867	1719442	1719517	1719608	1719699	1719962	1720713	1720762	1720770	1720788	1721182	1721406	1721810	1722792	1723816	1723857
300079	067	1724244	1725019	1725506	1727106	1727346	1728518	1729375	1730738	1730837	1732411	1732627	1732791	1733567	1734870	1735307	1735471	1736685	1737774	1737782	1737790	1738822	1739663	1739721	1740604	1740737	1741172	1742436	1742451	1742493	1742758
300475	067	1743723	1743780	1743798	1744028	1744259	1744465	1744705	1744820	1745306	1745389	1745421	1745488	1745496	1745686	1746551	1746718	1747187	1749472	1749753	1749761	1749944	1749985	1750033	1752732	1754530	1755669	1756006	1756170	1756337	1757210
301051	067	1757269	1757863	1758564	1758762	1760495	1760768	1763150	1763184	1763788	1763838	1764000	1764067	1764075	1764133	1764166	1764653	1764687	1765163	1765478	1768324	1771781	1775972	1777218	1777309	1779644	1780725	1780733	1781343	1781475	1782085
301333	067	1782432	1782739	1782788	1782820	1783471	1783737	1783901	1783927	1783935	1784198	1785880	1786169	1786490	1786896	1787076	1787654	1788173	1791193	1793348	1793777	1794650	1794825	1794858	1794866	1794874	1794882	1794916	1795277	1796291	1796317
301564	067	1796333	1796341	1796705	1797224	1798388	1799246	1799535	1799808	1799840	1800861	1801141	1801968	1802024	1803170	1803287	1803303	1803584	1804301	1805555	1805605	1805688	1807064	1807940	1810910	1812221	1816313	1819853	1820802	1821537	1823533
301960	067	1824549	1824747	1824937	1825033	1825181	1826486	1826551	1826874	1826940	1828599	1829688	1830355	1830363	1830983	1832765	1832922	1833557	1833938	1836618	1836642	1837426	1837822	1838051	1838861	1839414	1841238	1842889	1842970	1843846	1843887
302265	067	1844380	1848662	1850163	1850189	1850197	1850296	1850460	1853704	1853845	1854199	1854553	1854678	1854694	1854918	1854926	1856244	1857291	1858224	1860253	1860279	1860303	1860584	1861475	1861491	1861715	1863067	1864057	1864511	1864735	1864776
302463	067	1865088	1867100	1867159	1868603	1869619	1870385	1871201	1871227	1871912	1872464	1874817	1875236	1875269	1875749	1879253	1880624	1880780	1880905	1880913	1881606	1883099	1883164	1884139	1884162	1884972	1885326	1885540	1886811	1889252	1891290
302687	067	1891530	1891555	1891589	1891597	1891613	1891647	1891688	1891696	1891860	1894468	1896372	1896521	1896919	1897032	1897115	1898824	1900612	1900661	1900679	1900794	1900844	1902428	1903277	1903749	1903806	1903848	1903913	1903996	1904101	1905926
302752	067	1906759	1908300	1908318	1908359	1908599	1908888	1910470	1913334	1913748	1913797	1915099	1915297	1916402	1916626	1917830	1917954	1918127	1918267	1920057	1920768	1924034	1925767	1926716	1927730	1928001	1928126	1928159	1929215	1929496	1929504
302893	067	1929538	1930544	1930825	1933928	1934082	1937531	1937598	1937622	1938349	1939800	1941517	1942242	1944305	1944354	1944602	1944610	1944628	1944867	1945443	1945781	1946250	1948967	1949254	1950138	1951490	1952597	1953157	1953447	1953686	1953785
303040	067	1953942	1954148	1955087	1955913	1956291	1959832	1960848	1961408	1962877	1963172	1965102	1967348	1967355	1967371	1967421	1968700	1970888	1970896	1971985	1972009	1973429	1974211	1974542	1974567	1974658	1976083	1976109	1976117	1976125	1976695
303057	067	1977503	1977552	1977701	1978030	1978196	1978246	1978287	1978865	1981372	1981794	1982842	1983444	1985258	1987122	1987874	1988484	1990803	1992304	1992718	1993054	1993922	1994003	1995729	1996081	1996164	1996446	1997576	2000008	2000065	2001402
303172	067	2001469	2001733	2002632	2006112	2006393	2007458	2008522	2009108	2010080	2010569	2010643	2011450	2011955	2012110	2012862	2013027	2015188	2016459	2017028	2018703	2022879	2022887	2023125	2023695	2023703	2023711	2024271	2024693	2024792	2024800
303800	067	2024818	2025104	2025393	2029676	2030419	2031029	2031896	2032282	2032373	2032712	2033447	2034122	2034841	2035236	2035244	2036952	2037208	2039345	2039584	2039618	2039733	2039931	2039964	2040491	2040509	2041093	2041259	2041473	2041549	2044212
303875	067	2046399	2046522	2048452	2048593	2050698	2052041	2054161	2054591	2055093	2055168	2055184	2056109	2056562	2056653	2057131	2059442	2060473	2061125	2061356	2061364	2062099	2062123	2065399	2066652	2068369	2069383	2069821	2070514	2070712	2070878
304352	067	2071579	2072189	2072783	2075679	2076503	2077352	2077824	2078319	2081750	2081776	2082402	2082543	2085561	2087138	2087278	2088342	2089571	2089860	2089928	2090520	2090843	2090884	2090900	2090926	2090942	2094290	2094522	2094530	2095529	2095594
304360	067	2096162	2096899	2099075	2099901	2101640	2101855	2102994	2103505	2103729	2103745	2103752	2104735	2105179	2105815	2105823	2105849	2106250	2107324	2107373	2107530	2107720	2107837	2112100	2112654	2113074	2113165	2113215	2113223	2114122	2114833
304469	067	2115376	2115491	2115772	2116044	2116838	2117299	2117901	2117943	2118859	2119097	2120889	2122059	2122992	2124022	2124451	2125102	2125284	2127298	2129096	2129120	2129674	2129864	2131852	2132256	2132587	2133239	2133452	2134070	2134732	2136166
304907	067	2137107	2137206	2138121	2141166	2144848	2145217	2145241	2145555	2145639	2145662	2145779	2145829	2145845	2145944	2145985	2146090	2146124	2146470	2146991	2147007	2147015	2147775	2150464	2150977	2151124	2151405	2152650	2152676	2153120	2155257
305094	067	2155653	2160240	2160455	2161727	2161735	2162188	2162907	2163384	2164416	2164606	2165256	2166460	2166528	2167211	2167914	2169423	2169704	2169787	2170306	2170389	2170678	2171247	2172278	2173482	2173698	2175339	2175362	2176188	2177442	2178671
305219	067	2181253	2181790	2181923	2181980	2183929	2184745	2188183	2188191	2188209	2188258	2189835	2190262	2191302	2191328	2191344	2191351	2191369	2191393	2192045	2192367	2192623	2192698	2192813	2195758	2196897	2199958	2200301	2203024	2204279	2204667
305250	067	2204683	2204790	2204972	2205169	2205235	2206449	2206464	2207421	2207512	2207660	2208288	2208304	2211167	2211399	2213130	2213858	2216372	2216984	2217529	2219095	2219111	2219475	2219525	2219947	2220143	2223402	2223931	2224160	2224186	2224285
305938	067	2226041	2226058	2226066	2226074	2226082	2226355	2226710	2227015	2227569	2227890	2227932	2234342	2235893	2235919	2237246	2237980	2238194	2238889	2241909	2241917	2243665	2244507	2244523	2247419	2247989	2248789	2249241	2249365	2250397	2251361
306159	067	2251635	2252039	2252054	2252070	2252088	2252146	2252161	2252187	2252203	2252880	2252906	2253276	2253631	2253771	2254027	2254043	2254464	2254720	2257756	2257939	2257947	2257954	2257996	2258051	2258143	2258788	2258978	2260966	2263002	2263689
306225	067	2264232	2264273	2267649	2268548	2270478	2270593	2270841	2272169	2272193	2272466	2272474	2272482	2272490	2272508	2272516	2272524	2272532	2274124	2275642	2275659	2275931	2276038	2276608	2276996	2277010	2278026	2278034	2279057	2284123	2285542
306621	067	2285799	2287472	2288348	2288355	2288983	2289163	2289189	2289254	2290617	2292498	2292944	2293041	2293363	2293975	2295186	2295194	2301174	2304608	2306595	2306660	2307189	2308161	2308286	2309409	2309441	2310217	2311512	2312411	2313070	2315323
306993	067	2315943	2315984	2316016	2317949	2318913	2319564	2320000	2320463	2320653	2320885	2321016	2321677	2321891	2322246	2322931	2324424	2324648	2325140	2325157	2325264	2325413	2325652	2327534	2327740	2327757	2328391	2328656	2329266	2330215	2331163
307017	067	2331429	2331569	2331635	2332609	2332799	2333235	2334142	2336071	2336097	2336105	2336428	2336816	2337350	2338168	2338192	2338226	2338275	2338283	2338325	2338333	2339042	2339661	2339711	2340107	2340446	2340990	2341154	2341485	2341592	2345858
307041	067	2345981	2348233	2348480	2349496	2349561	2349983	2350197	2350734	2351047	2351096	2351435	2351708	2353308	2355048	2357523	2357648	2359057	2359776	2359883	2360691	2360709	2360832	2362473	2363968	2365369	2365963	2366607	2368777	2368785	2368801
307421	067	2368892	2368918	2370120	2370138	2370153	2370179	2370203	2370211	2371441	2371656	2372670	2374056	2374064	2374627	2375178	2375913	2375939	2376978	2377448	2378289	2378305	2378313	2378339	2378867	2379477	2379485	2379493	2379501	2380434	2380442
307439	067	2381275	2381572	2381622	2381879	2382117	2382570	2382588	2382760	2382828	2382836	2382877	2383222	2383255	2384709	2384915	2386126	2386134	2386142	2386159	2386597	2387363	2387603	2388205	2388213	2388296	2388312	2388833	2389153	2389252	2389260
307462	067	2389278	2389534	2389930	2389989	2390250	2390292	2390839	2390847	2391142	2392413	2393015	2393023	2393049	2393064	2393627	2393999	2394054	2395135	2395143	2398238	2398279	2399541	2400968	2401032	2401107	2401123	2401214	2401396	2403582	2403590
307496	067	2403608	2403657	2406189	2406650	2406742	2407658	2408359	2408847	2411999	2412294	2412302	2412989	2413128	2414456	2414522	2414530	2414548	2414563	2415222	2415933	2416691	2418663	2422855	2422863	2423671	2425247	2426450	2427326	2429363	2429470
307504	067	2433324	2433415	2433423	2433431	2433449	2434322	2434710	2435907	2436210	2438281	2439040	2440410	2442168	2442879	2446300	2446789	2448355	2448512	2449007	2449106	2449205	2450476	2450831	2451243	2455137	2455962	2456648	2457828	2458834	2458859
307520	067	2460129	2460921	2462471	2462539	2462745	2462760	2463180	2463198	2463628	2463792	2463974	2466878	2467876	2467892	2468825	2468882	2474757	2477081	2477339	2479301	2480762	2482248	2482321	2482354	2483642	2484434	2484574	2489912	2489987	2489995
307629	067	2490035	2490043	2490548	2491454	2491488	2491496	2491538	2491546	2491561	2491579	2491587	2491595	2491603	2496503	2496560	2496768	2497089	2498178	2499127	2499648	2502268	2502615	2506418	2507580	2507614	2507671	2507705	2507713	2507762	2507986
307611	067	2508042	2508091	2509339	2509925	2509958	2510402	2510881	2511012	2511442	2511475	2511624	2512952	2512960	2513307	2513695	2515021	2516680	2516870	2516995	2517001	2517464	2518785	2519379	2520393	2522191	2525624	2525970	2526382	2526408	2527265
307728	067	2527281	2527307	2527315	2527323	2527331	2527349	2527356	2527364	2527372	2527380	2527505	2527646	2527836	2529956	2531069	2531580	2532364	2532380	2532570	2532596	2532893	2534709	2534857	2535474	2535912	2536555	2537934	2538619	2539492	2539732
307744	067	2542223	2542348	2543072	2543148	2543155	2543163	2543171	2544831	2546240	2546406	2546919	2546935	2547164	2547917	2551042	2551521	2551729	2552016	2552917	2553246	2555076	2556405	2556850	2558237	2558351	2558369	2558468	2558914	2559128	2559656
307801	067	2559870	2560332	2560340	2560357	2560365	2562676	2563443	2563674	2564755	2565315	2567295	2568509	2568616	2569259	2570158	2571123	2571479	2571529	2572600	2574291	2577443	2577773	2577948	2579191	2579340	2580041	2580058	2580066	2580728	2581213
307934	067	2581312	2581320	2582005	2582013	2582021	2582039	2582054	2582088	2582096	2582104	2582112	2582138	2582146	2582161	2582187	2582195	2582203	2582229	2582252	2582278	2582286	2582401	2585388	2585404	2585651	2585693	2585701	2587202	2587251	2587269
308023	067	2589257	2589307	2589596	2589737	2590032	2590180	2590610	2591220	2591493	2591501	2591774	2592160	2592855	2592954	2592970	2593523	2593762	2595452	2596401	2596427	2597409	2598118	2598134	2598993	2599793	2599801	2600245	2600500	2600518	2600666
308080	067	2601250	2603249	2603496	2604221	2605756	2611739	2613131	2613982	2613990	2615490	2619500	2619880	2623395	2626760	2627966	2633758	2639391	2640720	2642320	2642684	2642692	2642700	2643146	2643377	2645687	2646156	2648806	2655058	2658748	2658763
308353	067	2670370	2673473	2676021	2676674	2677763	2680007	2681567	2683621	2685105	2687838	2688232	2688398	2688463	2688976	2689669	2691160	2694370	2695542	2697738	2701704	2704963	2705788	2707404	2709103	2711539	2714749	2718831	2722296	2723385	2723625
308494	067	2724979	2725489	2726883	2726933	2728244	2728608	2735009	2750248	2750289	2754646	2757912	2757987	2758068	2758357	2761443	2763688	2764025	2770329	2772184	2772291	2773067	2773133	2774644	2779684	2780120	2780161	2780633	2780732	2780757	2787679
308627	067	2790061	2790640	2790673	2790863	2790939	2791317	2791473	2798270	2798288	2799021	2802130	2806388	2811834	2813897	2813913	2813962	2814499	2819969	2820231	2820454	2822880	2823409	2823698	2825172	2827848	2828945	2833515	2835973	2836427	2838126
308700	067	2844843	2853703	2854255	2856870	2860930	2865863	2867521	2870384	2870400	2870806	2872372	2880615	2880656	2880755	2886075	2886265	2898229	2902021	2905396	2910339	2911824	2916427	2917722	2919314	2919330	2919355	2919876	2919884	2920403	2920536
308734	067	2925022	2927770	2928042	2929115	2934875	2935435	2935864	2935898	2935930	2936441	2936466	2938116	2938991	2939064	2943272	2943330	2946887	2947398	2948081	2949667	2949873	2950459	2956258	2957066	2957181	2957298	2960300	2964401	2964674	2964849
308775	067	2965820	2967875	2970341	2970457	2971562	2971570	2971760	2972321	2973899	2975795	2979417	2983666	2985398	2985752	2985786	2986032	2994630	2994804	3004512	3004918	3004942	3006228	3006939	3007275	3007283	3009461	3013737	3013786	3019866	3020757
309260	067	3022035	3022894	3024486	3024726	3024957	3024973	3026887	3027844	3028743	3028990	3029014	3029055	3029311	3031424	3032943	3033834	3034519	3037868	3038031	3038197	3038452	3038486	3038502	3038510	3038551	3038593	3038643	3038692	3038718	3038783
309492	067	3038791	3038924	3038940	3038965	3044138	3044708	3044724	3047032	3049038	3053568	3053634	3054475	3060274	3060464	3065216	3068814	3069325	3069853	3069895	3072741	3073038	3073566	3076965	3083201	3110541	3112935	3113412	3114113	3114139	3115532
309831	067	3116126	3116381	3116852	3118676	3119534	3121738	3123114	3123320	3125192	3125382	3125531	3127172	3128014	3128139	3132032	3132065	3135316	3138724	3138823	3142858	3143534	3144243	3145141	3149994	3152584	3155728	3162179	3163516	3165578	3166469
310490	067	3167053	3168242	3173531	3185774	3188901	3189412	3192184	3201274	3201563	3202983	3203874	3207289	3209921	3221660	3221678	3230059	3230547	3235181	3235629	3235645	3235652	3236569	3237088	3237823	3238276	3238391	3240413	3240439	3240819	3247079
311142	067	3249448	3249489	3249612	3254547	3254604	3254612	3254646	3255205	3256328	3258522	3258886	3260619	3261351	3264504	3266293	3266533	3266657	3267655	3268281	3268331	3268349	3268356	3268760	3268778	3277076	3280989	3281474	3281599	3282316	3282399
311167	067	3283090	3288594	3291549	3292604	3294980	3295003	3295037	3295649	3297892	3297959	3305778	3310356	3310695	3313871	3317302	3317880	3321627	3325578	3327848	3330388	3332053	3332103	3332186	3336534	3341443	3344793	3345931	3351434	3352796	3355732
311209	067	3360112	3360138	3360393	3361078	3361193	3361201	3361516	3361524	3361532	3362274	3362464	3366424	3367067	3367091	3370566	3372166	3376407	3376969	3378262	3378700	3381571	3389640	3390002	3390689	3390713	3396801	3397841	3398799	3399110	3399748
311506	067	3399953	3400363	3403755	3406311	3416351	3417201	3418886	3419876	3423647	3424462	3424470	3424561	3425279	3430204	3431657	3431715	3435823	3437100	3439452	3441920	3443579	3443918	3443942	3449873	3449881	3452836	3454089	3458296	3458676	3458841
311563	067	3458916	3459484	3464310	3465424	3467537	3470226	3470440	3476488	3476983	3479052	3479656	3481249	3492014	3493327	3495975	3497666	3497823	3497864	3497880	3497948	3497955	3497963	3499217	3499449	3499506	3501665	3503992	3504016	3504040	3505187
311712	067	3506425	3506847	3507027	3507035	3510336	3515905	3515913	3515921	3515954	3516242	3516267	3516630	3517828	3519725	3519774	3519824	3520194	3521143	3521333	3522240	3522794	3523537	3524188	3524378	3528049	3530631	3530946	3531092	3531720	3531902
311878	067	3532405	3532819	3532991	3533056	3533064	3533155	3533429	3533486	3533494	3533528	3533544	3533551	3533585	3534559	3543790	3544061	3545621	3546645	3546850	3546876	3546983	3547106	3547114	3547130	3548385	3548393	3548898	3550308	3551942	3554441
312306	067	3554722	3558061	3558111	3559937	3565546	3566734	3572781	3573557	3574910	3574951	3575909	3575958	3575966	3576048	3576089	3576105	3576170	3576196	3576204	3576220	3576253	3576485	3576576	3576659	3576691	3576923	3577301	3577889	3577921	3578135
312330	067	3579760	3584869	3585635	3589520	3590122	3590817	3590874	3590999	3591088	3592532	3598661	3598679	3598687	3598711	3598737	3602414	3602786	3606951	3608353	3608361	3608403	3609443	3609450	3611712	3613296	3613304	3616331	3616356	3616372	3616380
312439	067	3616455	3616463	3616497	3616539	3616570	3616620	3616679	3617354	3617875	3618998	3620168	3620192	3620218	3626520	3628104	3629235	3629433	3629920	3630720	3633674	3635513	3636727	3637055	3637337	3637345	3637394	3637527	3637535	3637568	3637592
312462	067	3637600	3637618	3637659	3637667	3637980	3637998	3638004	3638012	3638020	3638038	3638822	3639143	3646270	3646650	3646932	3648748	3649746	3649753	3649761	3649779	3650819	3650900	3651031	3651767	3652120	3653540	3655693	3655743	3655925	3658663
312546	067	3658689	3658705	3660347	3663507	3664646	3669603	3669611	3674942	3675915	3676632	3676640	3677903	3677911	3678893	3685542	3686284	3689239	3689346	3689510	3691110	3691524	3691714	3691755	3691888	3691979	3692134	3692316	3692506	3693280	3694452
312736	067	3695160	3695574	3695988	3698024	3700614	3704525	3705985	3710472	3710696	3711389	3712494	3712585	3712650	3712668	3712783	3712999	3713039	3713054	3713591	3714102	3714136	3714896	3714904	3714912	3715679	3716537	3716610	3716701	3716750	3717188
312850	067	3717279	3717568	3718632	3721115	3723111	3723129	3723681	3724580	3724689	3724879	3725363	3725967	3726247	3727112	3727443	3727500	3727526	3727542	3730249	3731536	3733086	3733144	3733219	3733318	3733631	3733649	3737541	3739240	3741113	3744935
312876	067	3745932	3746104	3746120	3746146	3746153	3746161	3746179	3746211	3746245	3746302	3746310	3746328	3746401	3746476	3746484	3746617	3746724	3746831	3746880	3746898	3747508	3747532	3748076	3748753	3748795	3748811	3748894	3748902	3750817	3754793
312934	067	3758752	3758844	3760691	3760865	3763257	3765393	3766524	3767662	3768504	3768561	3769130	3769353	3771151	3773629	3778925	3781465	3781648	3781846	3781861	3781945	3781986	3781994	3782034	3782059	3782737	3783339	3784865	3789567	3791274	3797503
313015	067	3798030	3801867	3802121	3802147	3803707	3814852	3815602	3815610	3815958	3816444	3817442	3817590	3825775	3827854	3831153	3831542	3834629	3834728	3836517	3836574	3836632	3836640	3836657	3836939	3836962	3837036	3837093	3837135	3837168	3837176
313106	067	3837192	3843000	3844222	3844453	3846664	3847670	3848363	3848447	3850419	3850690	3851813	3853223	3855046	3855061	3855343	3856481	3856507	3856655	3858461	3860368	3860442	3860905	3862877	3862885	3862893	3864006	3864014	3864030	3865649	3865730
313502	067	3865888	3865896	3866647	3866894	3869203	3869435	3869450	3869492	3869526	3869823	3870326	3870771	3870789	3870797	3870805	3870839	3870904	3871712	3871746	3871936	3872645	3872652	3875333	3875960	3878402	3878410	3879426	3879434	3879459	3879723
313676	067	3879822	3879962	3879988	3880622	3881182	3881331	3881364	3881463	3881505	3881539	3881554	3885787	3886074	3886116	3886132	3886199	3886231	3886348	3886355	3887940	3889565	3890845	3890969	3891132	3891348	3891710	3891918	3892692	3893013	3894300
313684	067	3894722	3895299	3895315	3895570	3895729	3895745	3896180	3896594	3900024	3901550	3902061	3902111	3902640	3903853	3904497	3904638	3908639	3909066	3910262	3910320	3910544	3912128	3913001	3913357	3913399	3913431	3913563	3913878	3916418	3916772
313718	067	3916954	3916962	3917275	3917283	3917309	3918158	3921921	3922119	3922317	3922648	3922986	3923661	3925278	3925948	3927233	3927795	3927852	3928256	3928819	3932415	3932837	3934957	3941432	3944410	3946266	3946696	3947967	3948627	3952769	3955382
313841	067	3956786	3959129	3959160	3959194	3959228	3959277	3959293	3959327	3959335	3959871	3960010	3960309	3960325	3960333	3960358	3960366	3960390	3960408	3960564	3960606	3962099	3962156	3963733	3963840	3963931	3963956	3964095	3964459	3964624	3964640
313866	067	3964715	3964723	3964905	3964939	3966058	3970621	3970845	3970878	3971207	3971223	3971843	3972056	3972262	3972338	3976396	3976404	3979960	3980638	3980927	3982105	3982246	3982253	3982345	3982352	3984283	3984333	3985041	3985116	3987468	3992823
313874	067	3993193	3994027	3994571	3994803	3997566	3998598	4000048	4000360	4000527	4000550	4000592	4000618	4000683	4000824	4000873	4001368	4001418	4001616	4001921	4001947	4002010	4002325	4002374	4002390	4002408	4002416	4002432	4002457	4002465	4002473
313890	067	4002499	4002507	4002523	4002531	4002549	4002978	4002986	4002994	4003042	4003091	4003190	4003216	4003232	4003455	4003463	4003489	4003513	4003570	4003596	4003604	4003646	4003679	4003687	4003729	4003745	4003752	4003786	4003794	4003851	4003869
313940	067	4003885	4004008	4004016	4004032	4004065	4004081	4004164	4004180	4004198	4004222	4004438	4004776	4005096	4005286	4005294	4005302	4005310	4005336	4005450	4005526	4005534	4005542	4005559	4005567	4005583	4005617	4005765	4005773	4005781	4005799
313965	067	4005849	4005856	4005864	4005898	4005914	4005922	4005948	4005955	4005963	4005989	4005997	4006037	4006045	4006086	4006136	4006326	4006367	4006417	4006441	4006482	4006540	4006565	4006649	4006748	4006797	4006805	4006821	4006847	4006862	4006987
314195	067	4007092	4007258	4007266	4007407	4007498	4007522	4007530	4007571	4007597	4007621	4007639	4007738	4007811	4007837	4007852	4007860	4007886	4007894	4007910	4007928	4007969	4008009	4008041	4008090	4008116	4008215	4008306	4008322	4008348	4008405
314328	067	4008413	4008439	4008454	4008462	4008512	4008538	4008587	4008652	4008769	4008777	4008827	4008835	4008843	4008918	4008975	4009023	4009155	4009189	4009197	4009320	4009411	4009551	4009577	4009601	4009890	4009908	4009932	4010153	4010161	4010179
314344	067	4010195	4010211	4010245	4010252	4010278	4010310	4010344	4010351	4010393	4010419	4010443	4010450	4010476	4010658	4010757	4010765	4010799	4010807	4010815	4010872	4010898	4010922	4010930	4011011	4011037	4011052	4011078	4011102	4011110	4011359
314385	067	4011383	4011409	4011920	4011946	4012340	4012373	4012407	4012423	4012472	4012480	4012522	4012563	4012621	4012654	4013041	4013066	4013108	4013140	4013165	4014205	4014304	4014353	4014387	4014395	4014403	4014460	4014494	4014577	4014585	4014627
314435	067	4014643	4014684	4014775	4014973	4015004	4015095	4015137	4015152	4015160	4015285	4015343	4015434	4015533	4015665	4015699	4015756	4015822	4016663	4016713	4016747	4016762	4017406	4017414	4017455	4017463	4017471	4017521	4017547	4017661	4017711
314690	067	4017729	4017737	4017745	4017752	4017760	4017893	4017919	4017927	4017935	4017943	4017976	4017984	4018024	4018032	4018065	4018131	4018149	4018156	4018164	4018172	4018180	4018206	4018214	4018404	4018453	4018461	4018800	4018818	4018842	4018933
314807	067	4019097	4019139	4019220	4020889	4020913	4020954	4020996	4021283	4021440	4021515	4021853	4022422	4022455	4022489	4022513	4022539	4022612	4022844	4023040	4023073	4023081	4023966	4023982	4024014	4024063	4024154	4024253	4024279	4024469	4024584
314831	067	4024709	4024980	4025110	4025367	4025383	4025425	4025458	4025508	4025557	4025581	4025623	4025664	4025730	4025821	4025854	4025888	4025896	4025912	4025953	4025987	4026001	4026043	4026100	4026316	4026324	4026340	4026365	4026373	4026381	4026423
314849	067	4026621	4026670	4026704	4026829	4026845	4026852	4026894	4026902	4026928	4026936	4027082	4027355	4027397	4027421	4027439	4027447	4027629	4027678	4027819	4027835	4027843	4027850	4027942	4028221	4028254	4028320	4029336	4029385	4029435	4029492
314906	067	4029500	4029518	4029526	4029534	4029591	4029732	4029765	4029849	4029864	4029872	4029880	4029914	4029963	4029971	4030151	4030219	4030243	4030268	4030276	4030284	4030318	4030334	4030383	4030391	4030508	4030565	4030573	4030599	4030730	4030870
314930	067	4030912	4030938	4031001	4031027	4031043	4031068	4031076	4031209	4031217	4031407	4031605	4032223	4032231	4032249	4032256	4032264	4032330	4032371	4032520	4032553	4032611	4032678	4032900	4032918	4032934	4032959	4032975	4032991	4033007	4033023
314997	067	4033064	4033072	4033221	4033254	4033288	4033320	4033338	4033346	4033361	4033411	4033429	4033445	4033452	4033486	4033791	4033817	4033841	4033858	4034005	4034013	4034039	4034047	4034070	4034096	4034104	4034112	4034179	4034195	4034468	4034534
315101	067	4034542	4034658	4034856	4034922	4035051	4035069	4035077	4035101	4035119	4035127	4035143	4035150	4035168	4035184	4035192	4035200	4035218	4035226	4035580	4035598	4035606	4035655	4035663	4035697	4035705	4035721	4035739	4035747	4035754	4035762
315093	067	4035911	4035929	4035960	4035986	4036133	4036232	4036315	4036331	4036380	4036406	4036448	4036455	4036489	4036547	4036562	4036695	4036778	4036836	4036976	4037222	4037289	4037503	4037537	4037727	4037867	4037891	4037909	4037917	4038022	4038097
315176	067	4038154	4038162	4038253	4038279	4038287	4038337	4038352	4038360	4038766	4038808	4039053	4039715	4039749	4039830	4039848	4039855	4040317	4040325	4040341	4040374	4040382	4040390	4040408	4040416	4040424	4040440	4040457	4040465	4040473	4040481
315192	067	4040499	4040507	4040580	4040598	4040606	4040614	4040630	4040648	4040697	4040705	4040721	4040739	4040747	4040846	4040853	4040887	4040895	4040937	4040994	4041018	4041083	4041125	4041240	4041349	4041653	4041679	4041703	4041737	4041745	4041778
315317	067	4041786	4041794	4042321	4042479	4042487	4042628	4042800	4042834	4043105	4043279	4043295	4043329	4043345	4043352	4043360	4043378	4043394	4043402	4043410	4043428	4043436	4043469	4043865	4043881	4043899	4043907	4043915	4043923	4043931	4043949
315390	067	4043972	4044012	4044111	4044178	4044368	4044376	4044533	4044541	4044558	4044566	4044574	4044582	4044590	4044608	4044616	4044624	4044632	4044640	4044665	4044681	4044699	4044707	4044772	4044780	4044863	4044897	4045159	4045217	4045308	4045415
315432	067	4045423	4045449	4045498	4045571	4045589	4045662	4045688	4045704	4045712	4045720	4045746	4045753	4045761	4045878	4045910	4045928	4045944	4045951	4046017	4046058	4046082	4046124	4046223	4046264	4046330	4046348	4046355	4046462	4046611	4046645
315457	067	4046660	4046850	4046892	4046967	4046975	4046983	4047031	4047049	4047056	4047072	4047080	4047510	4047957	4048401	4048450	4049094	4049128	4049250	4049292	4049318	4049367	4049375	4049391	4049409	4049425	4049573	4049722	4049730	4049748	4049763
315564	067	4049854	4049961	4050027	4050043	4050126	4050134	4050217	4050365	4050373	4050449	4050522	4050563	4050829	4050886	4051082	4051124	4051132	4051140	4051165	4051173	4051181	4051199	4051207	4051215	4051223	4051363	4051371	4051397	4051413	4051421
316208	067	4051439	4051454	4051462	4051470	4051488	4051496	4051504	4051538	4051546	4051553	4051579	4052072	4052262	4052429	4052528	4052726	4052783	4052890	4052908	4053351	4053369	4053419	4053427	4053435	4053468	4053567	4053591	4053617	4053674	4054482
316448	067	4054508	4054524	4054599	4054714	4054722	4054771	4054805	4054888	4054896	4054920	4054946	4054953	4055646	4055729	4056495	4056529	4056875	4057642	4057717	4058970	4059119	4059168	4060083	4060521	4060596	4060695	4060703	4060711	4060786	4060802
316463	067	4060844	4060851	4060901	4061206	4061271	4061305	4061313	4061388	4061438	4061503	4061578	4061586	4061594	4061602	4061610	4061677	4061701	4061719	4061727	4061834	4061859	4061883	4061909	4061925	4061958	4061982	4062014	4062022	4062048	4062055
316505	067	4062071	4062089	4062121	4062147	4062154	4062170	4062188	4062196	4062204	4062212	4062220	4062279	4062303	4062337	4062360	4062378	4062394	4062410	4062428	4062451	4062535	4062568	4062592	4062618	4062667	4063103	4063137	4063285	4063400	4064788
316612	067	4064978	4064986	4065132	4065157	4065165	4065439	4065983	4066106	4066353	4066577	4066809	4066981	4067039	4067369	4067864	4067880	4067898	4068060	4068227	4068482	4068508	4068607	4068946	4069019	4069076	4069217	4069373	4069431	4071411	4071460
316687	067	4071635	4071643	4071650	4071684	4072088	4072401	4072609	4072872	4073342	4073433	4073540	4073557	4073565	4073797	4073847	4074159	4074373	4074464	4074589	4074886	4075073	4075172	4075214	4075545	4075594	4075610	4075958	4076402	4076444	4077830
316851	067	4078283	4079125	4079661	4080172	4080966	4081584	4081949	4082491	4082871	4082962	4083234	4083309	4084679	4084810	4084901	4084927	4084935	4084943	4085007	4085015	4085031	4085080	4085114	4085387	4085601	4085684	4085692	4085700	4086021	4086096
316992	067	4086104	4086120	4086153	4086161	4086179	4086187	4086211	4086229	4086260	4086294	4086328	4086336	4086344	4086351	4086369	4086377	4086385	4086393	4086419	4086435	4086443	4086450	4086468	4086575	4086591	4086617	4087169	4087235	4087391	4087409
317024	067	4087466	4087474	4087771	4088084	4088134	4088258	4088316	4089371	4089611	4089751	4089827	4089983	4090379	4090395	4090544	4090593	4090684	4090692	4091443	4091492	4091989	4092011	4092227	4092268	4092276	4092300	4092334	4092375	4092490	4092532
317081	067	4092748	4092888	4092961	4093332	4093373	4093738	4094587	4094645	4094652	4094660	4094678	4094686	4095071	4095121	4095139	4095279	4095683	4095972	4096095	4096103	4096111	4096129	4096368	4096418	4096954	4096988	4097515	4098786	4099099	4099107
317347	067	4099115	4099123	4099420	4099925	4099933	4100616	4100624	4100640	4101390	4102471	4102596	4102646	4102711	4102950	4103040	4103214	4103263	4103537	4103552	4103800	4103826	4104246	4104360	4104402	4104444	4104469	4105714	4105730	4105870	4105888
317495	067	4105979	4106498	4106803	4106886	4107322	4107520	4107538	4107546	4107587	4108122	4108155	4108544	4108569	4108742	4108809	4108866	4108916	4109138	4109195	4109310	4109518	4109575	4109724	4109963	4110110	4110177	4110383	4110391	4110425	4110516
317933	067	4110581	4111027	4111183	4111498	4111571	4111589	4111654	4111688	4112330	4112371	4112546	4112595	4112686	4112926	4112934	4113056	4113080	4113148	4113312	4113346	4113361	4113411	4113445	4113460	4113650	4113684	4113767	4114088	4114138	4114195
318071	067	4114435	4114617	4114625	4114914	4115432	4115721	4115739	4116067	4116158	4116364	4116398	4117164	4117206	4117222	4119061	4119079	4119509	4119517	4119723	4119806	4119848	4120259	4120531	4120663	4120937	4121240	4121257	4121513	4121885	4121950
318097	067	4122065	4122081	4122594	4122818	4122875	4122933	4123196	4123212	4124053	4124103	4124533	4125092	4125118	4125126	4125142	4125357	4125795	4125852	4126819	4126926	4127031	4127627	4127890	4127924	4127940	4128377	4128682	4128807	4129060	4129250
318147	067	4129631	4129664	4130316	4131405	4131587	4131629	4132007	4132890	4133708	4133823	4134052	4134086	4134946	4135034	4135166	4135380	4135745	4136768	4137360	4138590	4138608	4138616	4138632	4138640	4138657	4138665	4138939	4139895	4142097	4142253
318550	067	4143368	4143491	4144002	4144077	4144531	4144697	4145793	4146130	4146163	4146379	4146387	4146395	4146510	4146569	4146635	4146668	4146965	4147039	4147534	4147799	4149514	4149530	4149910	4150389	4150884	4151841	4152112	4152872	4152898	4153110
318592	067	4154563	4154597	4154654	4154670	4154688	4154704	4154712	4154720	4154811	4154829	4154894	4154902	4154910	4154944	4154969	4154977	4155396	4156170	4156873	4158614	4158929	4160503	4160511	4161824	4162491	4162566	4162590	4162632	4162806	4162855
319210	067	4163168	4164018	4164026	4164034	4164232	4164364	4164380	4164398	4164497	4164554	4164562	4164752	4164794	4164968	4166658	4166757	4166765	4166773	4166781	4166799	4166807	4166815	4167052	4167284	4167565	4167912	4168399	4168522	4168530	4168746
319319	067	4169017	4169033	4169066	4169454	4169603	4169645	4170221	4170361	4170676	4170783	4171997	4172003	4172011	4172078	4172169	4172177	4172326	4174199	4176459	4176640	4176814	4176830	4179172	4179297	4179347	4179404	4179412	4179537	4179552	4179594
319376	067	4179636	4179644	4179651	4179669	4179677	4179685	4179768	4180089	4180279	4180618	4180626	4180634	4180642	4180659	4180667	4180683	4180709	4180741	4181202	4181442	4181921	4182762	4182952	4183398	4183752	4183935	4183943	4184016	4184156	4184164
319434	067	4184461	4184552	4184636	4184693	4186086	4186649	4187357	4187613	4188439	4188751	4188801	4188827	4188835	4189171	4189270	4189528	4189544	4189858	4189874	4189924	4189965	4190302	4190583	4190617	4190708	4190716	4190732	4190963	4191193	4191227
320283	067	4191235	4191243	4191961	4192159	4192217	4192274	4192381	4192399	4193934	4194569	4194692	4194700	4194908	4195467	4195582	4197257	4197398	4197612	4197638	4197794	4198800	4198834	4198875	4198883	4198891	4198909	4198941	4198958	4198982	4198990
