P_CustomerID
127415
127423
127431
127449
127456
127464
127472
127480
127498
127506
127514
127522
127530
127548
127555
127563
127571
127589
127597
127605
127613
127621
127639
127647
127654
127662
127670
127688
127696
127704
127712
127720
127738
127746
127753
127761
127779
127787
127795
127803
127811
127829
127837
127845
127852
127860
127878
127886
127894
127902
127910
127928
127936
127944
127951
127969
127977
127985
127993
128009
128017
128025
128033
128041
128058
128066
128074
128082
128090
128108
128116
128124
128132
128140
128157
128165
128173
128181
128207
128223
128231
128249
128256
128264
128272
128280
128298
128306
128314
128322
128330
128348
128355
128363
128371
128389
128397
128405
128413
128421
128439
128447
128454
128462
128470
128488
128496
128504
128512
128520
128538
128546
128553
128561
128579
128587
128595
128603
128611
128629
128637
128645
128652
128660
128678
128686
128694
128702
128710
128728
128736
128744
128751
128769
128777
128785
128793
128801
128819
128827
128835
128843
128850
128868
128876
128884
128892
128900
128918
128926
128934
128942
128959
128967
128975
128983
128991
129007
129015
129023
129031
129049
129064
129072
129080
129098
129106
129114
129122
129130
129148
129155
129163
129171
129189
129197
129213
129221
129239
129254
129270
129288
129296
129304
129312
129320
129338
129346
129353
129361
129379
129387
129395
129403
129411
129429
129437
129445
129452
129460
129478
129486
129494
129502
129510
129528
129536
129544
129551
129569
129577
129585
129601
129619
129627
129650
129668
129676
129684
129692
129700
129734
129742
129759
129767
129775
129783
129791
129809
129817
129825
129833
129841
129858
129866
129874
129882
129890
129908
129916
129932
129965
129981
129999
130005
130039
130047
130054
130062
130096
130104
130112
130120
130146
130161
130179
130187
130195
130203
130229
130245
130252
130286
130310
130336
130351
130369
130377
130385
130419
130427
130435
130450
130468
130476
130484
130492
130500
130518
130526
130534
130542
130559
130567
130575
130591
130609
130617
130625
130633
130641
130658
130666
130674
130682
130708
130716
130732
130740
130781
130807
130815
130823
130831
130849
130856
130864
130872
130880
130898
130906
130914
130922
130930
130948
130955
130963
130971
130989
130997
131003
131011
131029
131037
131045
131052
131078
131086
131094
131102
131110
131128
131177
131193
131219
131227
131250
131268
131284
131292
131300
131318
131326
131334
131342
131367
131375
131383
131391
131417
131425
131433
131458
131466
131482
131490
131508
131516
131524
131532
131540
131573
131581
131599
131607
131615
131623
131631
131649
131656
131664
131672
131680
131698
131706
131714
131722
131730
131748
131755
131763
131813
131839
131847
131854
131870
131888
131904
131912
131920
131938
131946
131953
131979
131987
132001
132019
132027
132035
132050
132068
132076
132084
132092
132118
132126
132134
132142
132159
132167
132183
132209
132217
132225
132233
132241
132258
132266
132274
132282
132290
132308
132324
132332
132340
132357
132365
132373
132381
132399
132407
132415
132423
132431
132449
132456
132464
132472
132506
132522
132530
132548
132555
132571
132589
132597
132605
132621
132639
132647
132662
132670
132688
132696
132720
132738
132746
132761
132779
132787
132795
132803
132811
132829
132845
132852
132860
132878
132910
132928
132936
132951
132969
132977
132985
132993
133009
133017
133025
133033
133041
133058
133066
133074
133082
133090
133108
133116
133124
133132
133140
133157
133165
133173
133199
133207
133215
133223
133231
133249
133256
133264
133272
133280
133298
133306
133314
133330
133348
133355
133363
133371
133397
133405
133421
133439
133447
133462
133470
133488
133496
133504
133512
133520
133546
133553
133561
133579
133587
133595
133611
133629
133637
133660
133678
133686
133694
133710
133736
133744
133751
133769
133777
133785
133793
133801
133819
133827
133835
133843
133850
133868
133876
133892
133900
133918
133926
133934
133942
133959
133967
133975
133983
133991
134007
134015
134023
134031
134049
134056
134064
134072
134080
134098
134106
134114
134122
134130
134148
134155
134163
134171
134189
134197
134205
134213
134221
134239
134247
134254
134262
134270
134288
134296
134304
134312
134320
134338
134346
134353
134361
134379
134387
134395
134403
134411
134429
134437
134452
134460
134478
134486
134494
134502
134510
134528
134536
134544
134551
134569
134577
134585
134593
134601
134619
134627
134635
134643
134650
134668
134676
134684
134692
134700
134718
134726
134734
134742
134759
134767
134775
134783
134809
134817
134825
134833
134841
134858
134866
134874
134882
134890
134908
134916
134924
134932
134940
134957
134965
134981
134999
135012
135020
135038
135046
135053
135061
135079
135087
135095
135103
135111
135129
135137
135145
135152
135160
135178
135186
135194
135202
135210
135228
135236
135244
135251
135269
135277
135285
135293
135301
135319
135327
135335
135343
135350
135368
135376
135384
135392
135400
135418
135426
135434
135442
135459
135467
135475
135483
135491
135509
135517
135525
135533
135541
135558
135566
135574
135582
135590
135608
135616
135624
135632
135657
135665
135673
135681
135699
135707
135715
135723
135731
135749
135756
135764
135772
135780
135798
135806
135814
135822
135830
135848
135855
135863
135871
135889
135897
135905
135913
135921
135939
135947
135954
135962
135988
135996
136002
136010
136044
136051
136069
136077
136093
136119
136127
136135
136143
136176
136184
136200
136234
136275
136283
136309
136317
136341
136366
136416
136432
136440
136457
136465
136473
136481
136499
136507
136515
136531
136556
136564
136572
136580
136614
136630
136648
136663
136697
136705
136713
136721
136754
136762
136804
136820
136838
136846
136853
136861
136879
136895
136903
136911
136929
136937
136945
136952
136960
136978
137018
137034
137059
137075
137091
137117
137158
137166
137182
137216
137232
137257
137265
137273
137281
137307
137315
137331
137356
137364
137372
137414
137430
137448
137463
137471
137489
137497
137505
137513
137570
137588
137596
137604
137612
137620
137638
137661
137703
137711
137729
137745
137752
137760
137778
137794
137802
137810
137828
137836
137851
137901
137927
137935
137943
137992
138016
138024
138032
138057
138065
138073
138081
138115
138149
138156
138164
138180
138198
138206
138214
138222
138230
138248
138255
138263
138271
138289
138313
138339
138347
138362
138370
138388
138404
138412
138446
138453
138461
138479
138495
138511
138529
138552
138560
138578
138586
138594
138602
138610
138628
138636
138644
138651
138669
138693
138701
138750
138768
138784
138800
138826
138958
138982
138990
139006
139022
139030
139063
139071
139089
139105
139113
139121
139139
139147
139170
139196
139220
139246
139329
139345
139402
139410
139428
139444
139451
139469
139477
139485
139493
139519
139527
139543
139691
139717
139790
139907
139964
139972
140079
140111
140160
140202
140210
140228
140277
140285
140301
140319
140343
140368
140483
140533
140541
140558
140574
140590
140616
140681
140715
140731
140756
140764
140772
140806
140814
140822
140830
140848
140855
140871
140889
140905
140913
140921
140939
140947
140954
140962
140970
140988
140996
141002
141010
141028
141044
141069
141077
141085
141093
141101
141127
141135
141150
141168
141176
141184
141192
141218
141226
141234
141242
141259
141275
141283
141291
141309
141325
141333
141341
141374
141382
141390
141408
141416
141424
141432
141440
141457
141465
141473
141481
141499
141507
141515
141523
141531
141549
141564
141572
141580
141598
141606
141614
141622
141630
141648
141655
141671
141689
141705
141713
141721
141739
141754
141762
141770
141796
141804
141812
141820
141838
141846
141853
141861
141887
141895
141903
141911
141929
141937
141945
141952
141960
141978
141986
141994
142000
142018
142034
142042
142059
142075
142091
142109
142117
142125
142133
142141
142158
142166
142174
142182
142190
142208
142216
142224
142240
142257
142265
142273
142281
142299
142307
142315
142323
142331
142349
142356
142364
142372
142380
142398
142406
142414
142422
142430
142448
142455
142463
142471
142489
142497
142505
142513
142521
142539
142547
142554
142562
142570
142588
142596
142604
142612
142620
142638
142646
142653
142661
142679
142687
142695
142703
142711
142729
142737
142745
142752
142760
142778
142786
142794
142802
142810
142828
142836
142844
142851
142869
142877
142885
142893
142901
142919
142927
142935
142943
142950
142968
142976
142984
142992
143016
143024
143032
143040
143057
143065
143073
143081
143099
143107
143115
143123
143131
143149
143156
143164
143172
143180
143198
143206
143214
143222
143230
143248
143255
143263
143271
143289
143297
143305
143313
143321
143339
143347
143354
143362
143370
143388
143396
143412
143420
143438
143446
143453
143461
143479
143487
143511
143529
143545
143552
143560
143578
143586
143594
143602
143610
143628
143636
143644
143651
143669
143677
143685
143693
143701
143719
143727
143735
143743
143750
143784
143792
143800
143818
143826
143834
143867
143875
143883
143891
143909
143917
143925
143933
143958
143974
143982
143990
144006
144022
144030
144048
144055
144063
144071
144089
144097
144121
144147
144154
144162
144170
144188
144196
144212
144220
144238
144246
144261
144279
144287
144295
144303
144311
144329
144352
144360
144386
144394
144410
144428
144436
144451
144469
144477
144485
144493
144501
144519
144535
144568
144576
144584
144592
144600
144618
144626
144634
144642
144659
144667
144675
144683
144691
144709
144717
144741
144758
144766
144774
144782
144790
144808
144816
144824
144840
144857
144865
144873
144881
144899
144907
144915
144923
144931
144949
144964
144972
144980
144998
145003
145011
145029
145037
145045
145052
145060
145078
145086
145094
145128
145136
145144
145151
145169
145177
145185
145193
145201
145219
145235
145243
145268
145276
145284
145292
145300
145318
145334
145342
145359
145367
145375
145383
145391
145409
145417
145425
145433
145441
145458
145466
145474
145490
145508
145524
145557
145573
145581
145599
145607
145615
145623
145631
145649
145656
145664
145672
145680
145698
145706
145714
145722
145730
145748
145755
145763
145771
145789
145797
145805
145813
145821
145839
145847
145854
145862
145870
145888
145896
145904
145912
145920
145938
145946
145953
145979
145987
145995
146019
146027
146043
146068
146076
146084
146092
146100
146118
146126
146134
146142
146159
146167
146175
146183
146191
146209
146225
146233
146258
146266
146274
146282
146290
146308
146316
146324
146357
146365
146381
146399
146407
146415
146423
146431
146449
146464
146472
146480
146498
146506
146522
146530
146548
146563
146571
146589
146597
146605
146613
146639
146647
146654
146662
146670
146688
146696
146704
146720
146738
146753
146787
146795
146811
146829
146837
146845
146852
146860
146878
146894
146902
146910
146928
146936
146944
146951
146969
146977
146985
146993
147017
147041
147058
147140
147157
147165
147181
147199
147207
147215
147223
147231
147249
147256
147264
147272
147280
147298
147306
147314
147322
147330
147348
147355
147363
147371
147397
147405
147413
147421
147439
147447
147462
147470
147488
147504
147512
147520
147538
147546
147553
147561
147579
147587
147595
147603
147611
147629
147637
147645
147652
147660
147678
147686
147694
147702
147710
147736
147744
147751
147793
147819
147835
147868
147884
147918
147926
147942
147959
147967
147983
147991
148007
148015
148023
148031
148049
148056
148064
148072
148080
148098
148106
148114
148122
148130
148148
148155
148163
148171
148189
148197
148205
148213
148221
148239
148247
148254
148262
148270
148288
148296
148304
148312
148320
148338
148346
148353
148361
148379
148387
148395
148403
148437
148445
148452
148460
148478
148486
148494
148502
148510
148528
148536
148544
148551
148577
148593
148601
148619
148627
148635
148643
148650
148668
148676
148684
148700
148718
148726
148734
148742
148759
148767
148775
148783
148791
148809
148817
148825
148833
148841
148858
148866
148874
148882
148890
148908
148924
148932
148940
148957
148965
148973
148981
148999
149005
149013
149021
149039
149047
149054
149088
149096
149104
149112
149120
149138
149146
149153
149161
149179
149187
149195
149203
149211
149229
149237
149245
149260
149278
149286
149294
149302
149310
149328
149344
149351
149369
149377
149393
149401
149419
149427
149435
149443
149450
149468
149476
149484
149492
149500
149518
149526
149534
149542
149559
149567
149575
149591
149609
149617
149625
149633
149641
149658
149666
149674
149682
149690
149708
149716
149724
149732
149740
149757
149765
149773
149781
149799
149807
149815
149823
149831
149849
149856
149864
149872
149880
149898
149906
149914
149922
149930
149971
149989
150003
150029
150037
150045
150052
150060
150078
150086
