P_CustomerID
144899
144907
144915
144923
144931
144949
144964
144972
144980
144998
145003
145011
145029
145037
145045
145052
145060
145078
145086
145094
145128
145136
145144
145151
145169
145177
145185
145193
145201
145219
145235
145243
145268
145276
145284
145292
145300
145318
145334
145342
145359
145367
145375
145383
145391
145409
145417
145425
145433
145441
145458
145466
145474
145490
145508
145524
145557
145573
145581
145599
145607
145615
145623
145631
145649
145656
145664
145672
145680
145698
145706
145714
145722
145730
145748
145755
145763
145771
145789
145797
145805
145813
145821
145839
145847
145854
145862
145870
145888
145896
145904
145912
145920
145938
145946
145953
145979
145987
145995
146019
146027
146043
146068
146076
146084
146092
146100
146118
146126
146134
146142
146159
146167
146175
146183
146191
146209
146225
146233
146258
146266
146274
146282
146290
146308
146316
146324
146357
146365
146381
146399
146407
146415
146423
146431
146449
146464
146472
146480
146498
146506
146522
146530
146548
146563
146571
146589
146597
146605
146613
146639
146647
146654
146662
146670
146688
146696
146704
146720
146738
146753
146787
146795
146811
146829
146837
146845
146852
146860
146878
146894
146902
146910
146928
146936
146944
146951
146969
146977
146985
146993
147017
147041
147058
147140
147157
147165
147181
147199
147207
147215
147223
147231
147249
147256
147264
147272
147280
147298
147306
147314
147322
147330
147348
147355
147363
147371
147397
147405
147413
147421
147439
147447
147462
147470
147488
147504
147512
147520
147538
147546
147553
147561
147579
147587
147595
147603
147611
147629
147637
147645
147652
147660
147678
147686
147694
147702
147710
147736
147744
147751
147793
147819
147835
147868
147884
147918
147926
147942
147959
147967
147983
147991
148007
148015
148023
148031
148049
148056
148064
148072
148080
148098
148106
148114
148122
148130
148148
148155
148163
148171
148189
148197
148205
148213
148221
148239
148247
148254
148262
148270
148288
148296
148304
148312
148320
148338
148346
148353
148361
148379
148387
148395
148403
148437
148445
148452
148460
148478
148486
148494
148502
148510
148528
148536
148544
148551
148577
148593
148601
148619
148627
148635
148643
148650
148668
148676
148684
148700
148718
148726
148734
148742
148759
148767
148775
148783
148791
148809
148817
148825
148833
148841
148858
148866
148874
148882
148890
148908
148924
148932
148940
148957
148965
148973
148981
148999
149005
149013
149021
149039
149047
149054
149088
149096
149104
149112
149120
149138
149146
149153
149161
149179
149187
149195
149203
149211
149229
149237
149245
149260
149278
149286
149294
149302
149310
149328
149344
149351
149369
149377
149393
149401
149419
149427
149435
149443
149450
149468
149476
149484
149492
149500
149518
149526
149534
149542
149559
149567
149575
149591
149609
149617
149625
149633
149641
149658
149666
149674
149682
149690
149708
149716
149724
149732
149740
149757
149765
149773
149781
149799
149807
149815
149823
149831
149849
149856
149864
149872
149880
149898
149906
149914
149922
149930
149971
149989
150003
150029
150037
150045
150052
150060
150078
150086
150094
150102
150110
150128
150136
150144
150151
150169
150185
150193
150201
150219
150227
150243
150250
150268
150276
150284
150292
150318
150326
150334
150342
150359
150375
150383
150391
150409
150425
150433
150441
150458
150466
150474
150490
150508
150516
150524
150557
150573
150599
150607
150615
150631
150649
150656
150664
150672
150680
150698
150706
150714
150722
150730
150748
150755
150771
150789
150797
150805
150813
150821
150839
150847
150854
150862
150870
150888
150896
150912
150920
150938
150946
150953
150979
150987
151001
151019
151027
151043
151050
151068
151076
151084
151092
151100
151118
151126
151134
151142
151159
151167
151175
151183
151191
151209
151217
151225
151233
151258
151266
151274
151282
151290
151308
151316
151365
151381
151399
151407
151415
151423
151456
151464
151472
151480
151498
151514
151522
151530
151555
151605
151613
151621
151639
151647
151654
151662
151696
151704
151712
151720
151738
151753
151761
151779
151787
151803
151811
151829
151837
151852
151860
151910
151928
151936
151951
151969
151977
151993
152009
152017
152025
152033
152041
152058
152066
152074
152082
152090
152108
152116
152124
152132
152140
152157
152173
152181
152199
152207
152215
152223
152231
152249
152256
152264
152272
152280
152298
152306
152314
152322
152330
152348
152355
152363
152371
152389
152397
152405
152413
152421
152439
152447
152454
152462
152470
152488
152496
152504
152512
152520
152538
152546
152553
152561
152579
152587
152595
152603
152611
152629
152637
152645
152652
152660
152678
152686
152694
152744
152769
152777
152785
152793
152801
152819
152827
152835
152843
152850
152868
152876
152884
152892
152918
152926
152934
152942
152959
152967
152975
152983
152991
153007
153015
153023
153031
153049
153056
153064
153072
153080
153098
153106
153114
153122
153130
153148
153155
153163
153171
153189
153197
153205
153213
153221
153239
153247
153254
153262
153270
153288
153296
153304
153312
153320
153338
153346
153353
153361
153379
153387
153395
153403
153411
153429
153437
153445
153478
153486
153494
153502
153510
153528
153536
153544
153551
153569
153577
153585
153593
153601
153619
153627
153635
153643
153650
153668
153676
153684
153692
153700
153718
153726
153734
153742
153759
153767
153775
153783
153791
153809
153817
153825
153833
153841
153858
153866
153874
153882
153890
153908
153916
153924
153932
153940
153957
153965
153973
153981
153999
154005
154013
154021
154039
154047
154054
154062
154070
154088
154096
154104
154112
154120
154138
154146
154153
154161
154179
154187
154195
154203
154211
154229
154237
154245
154252
154260
154278
154286
154294
154302
154310
154328
154336
154344
154351
154369
154377
154385
154393
154401
154419
154427
154435
154443
154450
154468
154476
154484
154492
154500
154518
154526
154534
154542
154559
154567
154575
154583
154591
154609
154617
154625
154633
154641
154658
154666
154674
154682
154690
154708
154716
154724
154732
154740
154757
154765
154773
154781
154799
154807
154815
154823
154831
154849
154856
154864
154872
154880
154898
154906
154914
154922
154930
154948
154955
154963
154971
154989
154997
155002
155010
155028
155036
155044
155051
155069
155077
155085
155093
155101
155119
155127
155135
155143
155150
155168
155176
155184
155192
155200
155218
155226
155234
155242
155259
155267
155275
155283
155291
155309
155317
155325
155333
155341
155358
155366
155374
155382
155390
155408
155416
155424
155432
155440
155457
155465
155473
155481
155499
155507
155515
155523
155531
155549
155556
155564
155572
155580
155598
155606
155614
155622
155630
155648
155655
155663
155671
155689
155697
155705
155713
155721
155739
155747
155754
155762
155770
155788
155796
155804
155812
155820
155838
155846
155853
155861
155879
155887
155895
155903
155911
155929
155937
155945
155952
155960
155978
155986
155994
156000
156018
156026
156034
156042
156059
156067
156075
156083
156091
156109
156117
156125
156133
156141
156158
156166
156174
156182
156190
156208
156216
156224
156232
156240
156257
156265
156273
156281
156299
156307
156315
156323
156331
156349
156356
156364
156372
156380
156398
156406
156414
156422
156430
156448
156455
156463
156471
156489
156497
156505
156513
156521
156539
156547
156554
156562
156570
156588
156596
156604
156612
156620
156638
156646
156653
156661
156679
156687
156695
156703
156711
156729
156737
156745
156752
156760
156778
156786
156794
156802
156810
156828
156836
156844
156851
156869
156877
156885
156893
156901
156919
156927
156935
156943
156950
156968
156976
156984
156992
157008
157016
157032
157040
157057
157065
157073
157081
157099
157107
157123
157131
157164
157180
157198
157206
157214
157222
157230
157248
157255
157263
157271
157297
157305
157313
157321
157339
157347
157354
157362
157370
157388
157396
157404
157420
157438
157479
157487
157503
157511
157529
157537
157545
157552
157560
157594
157602
157610
157628
157644
157651
157669
157677
157693
157701
157727
157735
157750
157768
157776
157792
157800
157818
157826
157834
157859
157875
157891
157917
157925
157974
157990
158006
158014
158022
158030
158048
158055
158063
158071
158089
158097
158105
158113
158139
158147
158162
158170
158188
158196
158204
158212
158220
158238
158246
158253
158261
158279
158287
158295
158303
158311
158329
158337
158345
158352
158360
158378
158386
158394
158410
158428
158436
158444
158451
158469
158477
158485
158493
158501
158519
158527
158535
158543
158550
158568
158576
158584
158592
158600
158618
158626
158634
158642
158659
158667
158675
158683
158691
158709
158717
158725
158733
158741
158758
158766
158774
158782
158790
158808
158816
158824
158832
158840
158857
158865
158873
158881
158899
158907
158915
158923
158931
158949
158964
158972
158980
158998
159004
159012
159020
159038
159046
159053
159061
159079
159087
159095
159103
159129
159137
159145
159152
159160
159186
159194
159202
159210
159228
159236
159244
159251
159269
159277
159285
159293
159319
159327
159335
159343
159350
159368
159376
159384
159426
159434
159442
159459
159467
159475
159483
159491
159509
159517
159525
159533
159541
159558
159566
159574
159582
159590
159608
159616
159632
159640
159657
159665
159673
159681
159707
159715
159723
159731
159749
159756
159764
159772
159814
159822
159830
159863
159897
159905
159921
159939
159947
159962
159970
159988
159996
160002
160010
160028
160036
160044
160051
160069
160077
160085
160093
160101
160119
160127
160135
160143
160150
160168
160176
160184
160192
160200
160218
160226
160234
160242
160259
160267
160275
160283
160291
160309
160317
160325
160333
160341
160358
160366
160374
160382
160390
160408
160416
160424
160432
160440
160457
160465
160473
160481
160499
160507
160515
160523
160531
160549
160556
160564
160572
160580
160598
160606
160614
160622
160630
160648
160655
160663
160671
160689
160697
160705
160713
160721
160739
160747
160754
160762
160770
160788
160796
160804
160812
160820
160838
160846
160853
160861
160879
160887
160895
160903
160911
160929
160937
160945
160952
160960
160978
160986
160994
161000
161018
161026
161034
161042
161059
161067
161075
161083
161091
161109
161117
161125
161133
161141
161158
161166
161174
161182
161190
161208
161216
161224
161232
161240
161257
161265
161273
161281
161299
161307
161315
161323
161331
161349
161356
161364
161372
161380
161398
161406
161414
161422
161430
161448
161455
161463
161471
161489
161497
161505
161513
161521
161539
161547
161562
161570
161588
161596
161604
161612
161620
161638
161646
161653
161661
161679
161687
161711
161729
161737
161745
161752
161760
161778
161786
161794
161802
161810
161828
161836
161844
161851
161869
161877
161885
161893
161901
161919
161927
161935
161943
161950
161968
161976
161984
161992
162008
162032
162057
162065
162073
162081
162099
162115
162123
162149
162156
162164
162180
162198
162206
162214
162222
162230
162248
162255
162263
162271
162289
162297
162305
162313
162321
162339
162347
162354
162362
162370
162388
162396
162404
162412
162420
162438
162446
162453
162461
162487
162495
162503
162511
162537
162545
162552
162560
162578
162586
162594
162602
162610
162628
162636
162651
162669
162677
162685
162693
162701
162719
162735
162743
162750
162768
162776
162800
162834
162842
162867
162883
162891
162909
162933
162941
162958
162966
162974
162982
162990
163006
163022
163030
163055
163063
163071
163089
163097
163105
163113
163121
163139
163147
163154
163162
163170
163188
163196
163204
163212
163220
163238
163246
163253
163261
163279
163287
163295
163303
163311
163329
163337
163345
163352
163360
163378
163386
163394
163402
163410
163428
163436
163444
163451
163469
163477
163485
163493
163501
163519
163543
163550
163568
163576
163584
163592
163600
163618
163626
163634
163642
163659
163667
163675
163683
163691
163709
163717
163725
163733
163741
163758
163766
163774
163782
163790
163808
163816
163824
163832
163840
163857
163865
163873
163881
163899
163907
163915
163931
163949
163956
163980
163998
164004
164012
164020
164038
164046
164053
164061
164079
164095
164103
164111
164129
164145
164152
164160
164178
164186
164194
164210
164228
164236
164244
164251
164269
164277
164285
164293
164319
164327
164335
164343
164350
164368
164376
164384
164392
164400
164418
164426
164434
164442
164459
164467
164475
164483
164491
164509
164517
164525
164533
164541
164558
164566
164574
164582
164590
164608
164616
164624
164632
164640
164657
164665
164673
164681
164699
164707
164715
164723
164731
164749
164756
164764
164772
164780
164798
164806
164814
164822
164830
164848
164855
164863
164871
164897
164905
164913
164921
164939
164947
