P_CustomerID
228288
228296
228304
228312
228320
228338
228346
228353
228361
228379
228387
228395
228411
228429
228437
228445
228452
228460
228478
228486
228494
228502
228510
228528
228536
228544
228551
228569
228577
228585
228593
228650
228668
228676
228692
228700
228718
228759
228767
228783
228833
228841
228858
228866
228874
228890
228932
228940
228957
228999
229021
229039
229054
229062
229112
229120
229153
229179
229187
229195
229203
229211
229229
229237
229245
229252
229260
229278
229286
229294
229302
229310
229328
229336
229344
229351
229369
229377
229385
229393
229401
229419
229427
229435
229443
229450
229468
229476
229484
229492
229500
229617
229625
229633
229641
229658
229674
229690
229757
229773
229781
229823
229831
229864
229880
229898
229922
229989
230045
230177
230219
230235
230250
230268
230276
230284
230292
230318
230342
230409
230417
230458
230466
230474
230524
230540
230623
230656
230722
230730
230755
230813
230821
230839
230920
230946
231019
231100
231126
231134
231142
231175
231217
231233
231274
231340
231357
231373
231381
231399
231407
231423
231431
231480
231506
231647
231654
231662
231761
231779
231787
231829
231886
231894
231902
231910
231936
231944
231951
231977
231985
232074
232132
232140
232231
232298
232322
232595
232603
232611
232645
232652
232678
232686
232694
232702
232710
232736
232744
232751
232819
232827
232835
232900
232918
232959
232983
232991
233049
233056
233064
233072
233080
233098
233130
233189
233197
233205
233239
233247
233254
233262
233270
233288
233296
233304
233312
233338
233346
233353
233361
233379
233387
233395
233403
233486
233494
233502
233585
233601
233627
233635
233643
233650
233668
233676
233684
233692
233700
233726
233734
233742
233759
233767
233775
233783
233825
233833
233866
233932
233957
233973
234013
234021
234070
234088
234096
234120
234187
234203
234245
234278
234294
234302
234393
234443
234468
234476
234492
234500
234542
234591
234609
234617
234625
234633
234641
234658
234674
234682
234732
234740
234773
234807
234831
234856
234880
234922
234948
234963
235077
235150
235192
235234
235291
235341
235374
235382
235416
235432
235440
235457
235465
235671
235788
235796
235804
235812
235820
235937
236034
236042
236117
236125
236133
236141
236158
236166
236208
236257
236265
236273
236281
236299
236398
236414
236422
236489
236497
236521
236539
236547
236554
236562
236570
236588
236596
236604
236612
236620
236638
236646
236653
236661
236679
236687
236695
236703
236729
236752
236794
236810
236836
236844
236851
236869
236877
236885
236893
236901
236919
236927
236950
236984
237024
237032
237040
237073
237099
237115
237206
237222
237263
237305
237339
237347
237404
237412
237420
237438
237446
237453
237461
237495
237560
237602
237610
237628
237636
237693
237719
237735
237743
237750
237768
237776
237784
237792
237818
237826
237834
237842
237859
237867
237875
237891
237909
237917
237925
237958
237966
237974
237982
237990
238006
238014
238030
238048
238055
238089
238097
238139
238147
238154
238170
238162
238188
238196
238204
238212
238220
238238
238246
238253
238261
238279
238287
238337
238428
238436
238477
238485
238493
238501
238519
238527
238535
238543
238550
238568
238576
238584
238592
238600
238618
238626
238634
238642
238667
238832
238964
239095
239103
239111
239145
239194
239202
239210
239251
239350
239368
239376
239384
239392
239400
239418
239426
239434
239442
239459
239467
239475
239558
239566
239582
239608
239665
239673
239681
239699
239764
239772
239855
239889
239897
240051
240077
240218
240267
240309
240317
240333
240358
240374
240382
240416
240515
240523
240531
240887
240929
240937
240960
240978
241026
241109
241117
241125
241133
241141
241208
241216
241232
241257
241364
241372
241380
241414
241430
241448
241455
241463
241471
241489
241505
241513
241562
241588
241596
241604
241612
241620
241638
241646
241653
241661
241679
241687
241729
241737
241745
241752
241760
241778
241786
241901
241943
242008
242016
242024
242032
242065
242073
242081
242107
242115
242123
242222
242248
242321
242354
242446
242453
242487
242503
242537
242669
242677
242750
242776
242784
242792
242800
242933
242941
243006
243014
243030
243063
243071
243113
243147
243154
243212
243220
243238
243287
243295
243329
243337
243345
243360
243378
243386
243394
243402
243410
243428
243444
243451
243469
243485
243493
243501
243576
243626
243659
243691
243709
243725
243733
243766
243782
243808
243816
243824
243840
243857
243865
243907
243915
243931
243949
243972
243980
243998
244020
244038
244053
244061
244095
244103
244111
244160
244178
244186
244210
244251
244269
244244
244277
244285
244343
244368
244376
244384
244392
244418
244483
244475
244509
244566
244582
244608
244616
244624
244632
244657
244665
244673
244715
244723
244798
244806
244814
244822
244921
244939
244947
244954
244962
244970
245019
245050
245159
245167
245175
245209
245225
245233
245258
245266
245274
245282
245308
245316
245332
245381
245407
245415
245423
245449
245456
245480
245498
245514
245621
245647
245654
245662
245746
245753
245761
245886
245985
246009
246017
246025
246033
246041
246074
246082
246090
246108
246116
246124
246132
246140
246157
246165
246173
246181
246199
246207
246223
246231
246249
246330
246348
246439
246447
246454
246462
246470
246488
246496
246504
246512
246520
246538
246546
246553
246561
246579
246587
246595
246603
246611
246629
246637
246645
246660
246694
246728
246736
246744
246751
246769
246777
246785
246793
246801
246819
246827
246876
246967
247015
247023
247056
247064
247072
247122
247148
247155
247171
247189
247197
247213
247239
247247
247254
247262
247270
247304
247338
247353
247395
247429
247452
247460
247502
247569
247593
247601
243956
247619
247627
247635
247643
247650
247668
247676
247684
247700
247726
247734
247759
247767
247791
247841
247858
247866
247874
247882
247916
247940
247957
248021
248039
248047
248054
248062
248070
248088
248096
248104
248112
248120
248138
248146
248153
248161
248179
248203
248229
248237
248245
248278
248286
248294
248310
248302
248336
248377
248385
248393
248401
248419
248443
248468
248476
248484
248492
248500
248518
248526
248534
248559
248575
248583
248591
248617
248625
248633
248666
248690
248708
248716
248773
248781
248799
248807
248815
248823
248831
248856
248872
248880
248898
248906
248914
248922
248930
248948
248955
248963
248971
248989
248997
249037
249060
249078
249102
249136
249144
249201
249219
249243
249250
249268
249276
249375
249417
249540
249573
249581
249599
249615
249623
249631
249649
249656
249664
249672
249680
249698
249706
249714
249722
249730
249748
249755
249763
249771
249789
249797
249805
249813
249839
249847
249854
249870
249904
249946
249953
249961
249979
249987
250001
250019
250035
250043
250050
250068
250076
250084
250092
250100
250142
250167
250175
250209
250217
250241
250266
250274
250282
250290
250308
250316
250324
250357
250365
250381
250407
250423
250464
250472
250688
250696
250712
250720
250738
250753
250761
250779
250787
250803
250811
250837
250852
250878
250894
250902
250910
250928
250944
250951
250969
250977
251009
251017
251025
251033
251066
251074
251108
251116
251132
251157
251165
251173
251181
251199
251207
251223
251256
251264
251272
251306
251348
251355
251363
251371
251389
251397
251405
251413
251421
251439
251454
251470
251496
251512
251546
251561
251587
251595
251603
251629
251637
251645
251660
251678
251686
251736
251769
251777
251843
251942
252049
252056
252064
252072
252080
252098
252114
252122
252148
252155
252163
252213
252221
252247
252312
252320
228130
228122
228148
228155
228163
228171
228189
228197
228205
228213
228221
228239
228247
228254
228262
228270
252346
