P_CustomerID
024414
024422
024448
024596
024620
024653
024703
024828
024992
025031
054379
063503
063578
063644
063867
067124
082081
138867
329961
331579
334482
335455
341123
341743
341768
342071
342097
342105
342113
342121
342139
342162
139311
140012
143768
147769
180158
182865
183715
197400
218735
220715
221788
221911
221937
224386
224451
224469
225045
225227
225235
225268
225276
225292
225318
225326
225953
226019
226050
227991
231373
231506
244038
245415
248526
279802
260281
283986
266155
270942
274837
285189
278390
280172
284026
285221
289801
302034
321174
326645
